42082
42122
42162
42202
42242
42272
43318
43358
43398
42422
42442
23346
34035
42492
18041
43678
43718
43758
42662
37689
19412
42702
42742
42782
44038
44078
44118
49171
8988
48791
31123
46181
46221
44398
44438
44478
9016
48911
48951
46491
46521
46561
44738
44778
44818
9036
49091
49131
46831
46871
46911
45091
45131
45171
48011
48051
48081
47191
47231
47271
45451
45491
45531
48291
48331
48361
47551
47591
47631
45811
45851
45891
42086
42126
42166
42206
42246
42276
43322
43362
43402
42426
42446
23350
34039
42496
18045
43682
43722
43762
42666
37693
8110
42706
42746
42786
44042
44082
44122
49175
8128
48795
31127
46185
46225
44402
44442
44482
8156
48915
48955
46495
46525
46565
44742
44782
44822
8176
49095
49135
46835
46875
46915
45095
45135
45175
48015
48055
48085
47195
47235
47275
45455
45495
45535
48295
48335
48365
47555
47595
47635
45815
45855
45895
42089
42129
42169
42209
42249
42279
43325
43365
43405
42429
42449
23353
34042
42499
18048
43685
43725
43765
42669
37696
19419
42709
42749
42789
44045
44085
44125
49178
7476
48798
31130
46188
46228
44405
44445
44485
7504
48918
48958
46498
46528
46568
44745
44785
44825
7524
49098
49138
46838
46878
46918
45098
45138
45178
48018
48048
48088
47198
47238
47278
45458
45498
45538
48298
48338
48368
47558
47598
47638
45818
45858
45898
