5303	0.050	0.000	10
3267	0.050	0.000	100
2396	0.050	0.000	110
2296	0.050	0.000	123
5473	0.050	0.000	130
5643	0.050	0.000	140
5813	0.050	0.000	150
5133	0.050	0.000	20
4963	0.050	0.000	30
4793	0.050	0.000	40
4623	0.050	0.000	50
4453	0.050	0.000	60
4273	0.050	0.000	70
4107	0.050	0.000	80
3433	0.050	0.000	90
5304	0.050	0.100	10
3268	0.050	0.100	100
2397	0.050	0.100	110
2295	0.050	0.100	123
5474	0.050	0.100	130
5644	0.050	0.100	140
5814	0.050	0.100	150
5134	0.050	0.100	20
4964	0.050	0.100	30
4794	0.050	0.100	40
4624	0.050	0.100	50
4454	0.050	0.100	60
4274	0.050	0.100	70
4108	0.050	0.100	80
3434	0.050	0.100	90
5305	0.050	0.200	10
3269	0.050	0.200	100
2398	0.050	0.200	110
2294	0.050	0.200	123
5475	0.050	0.200	130
5645	0.050	0.200	140
5815	0.050	0.200	150
5135	0.050	0.200	20
4965	0.050	0.200	30
4795	0.050	0.200	40
4625	0.050	0.200	50
4455	0.050	0.200	60
4275	0.050	0.200	70
4109	0.050	0.200	80
3435	0.050	0.200	90
5306	0.050	0.300	10
3270	0.050	0.300	100
2399	0.050	0.300	110
2293	0.050	0.300	123
5476	0.050	0.300	130
5646	0.050	0.300	140
5816	0.050	0.300	150
5136	0.050	0.300	20
4966	0.050	0.300	30
4796	0.050	0.300	40
4626	0.050	0.300	50
4456	0.050	0.300	60
4276	0.050	0.300	70
4110	0.050	0.300	80
3436	0.050	0.300	90
5307	0.050	0.400	10
3271	0.050	0.400	100
2400	0.050	0.400	110
2292	0.050	0.400	123
5477	0.050	0.400	130
5647	0.050	0.400	140
5817	0.050	0.400	150
5137	0.050	0.400	20
4967	0.050	0.400	30
4797	0.050	0.400	40
4627	0.050	0.400	50
4457	0.050	0.400	60
4277	0.050	0.400	70
4111	0.050	0.400	80
3437	0.050	0.400	90
5308	0.050	0.500	10
3272	0.050	0.500	100
2401	0.050	0.500	110
2291	0.050	0.500	123
5478	0.050	0.500	130
5648	0.050	0.500	140
5818	0.050	0.500	150
5138	0.050	0.500	20
4968	0.050	0.500	30
4798	0.050	0.500	40
4628	0.050	0.500	50
4458	0.050	0.500	60
4278	0.050	0.500	70
4112	0.050	0.500	80
3438	0.050	0.500	90
5309	0.050	0.600	10
3273	0.050	0.600	100
2402	0.050	0.600	110
2290	0.050	0.600	123
5479	0.050	0.600	130
5649	0.050	0.600	140
5819	0.050	0.600	150
5139	0.050	0.600	20
4969	0.050	0.600	30
4799	0.050	0.600	40
4629	0.050	0.600	50
4459	0.050	0.600	60
4279	0.050	0.600	70
4113	0.050	0.600	80
3439	0.050	0.600	90
5310	0.050	0.700	10
3274	0.050	0.700	100
2403	0.050	0.700	110
2289	0.050	0.700	123
5480	0.050	0.700	130
5650	0.050	0.700	140
5820	0.050	0.700	150
5140	0.050	0.700	20
4970	0.050	0.700	30
4800	0.050	0.700	40
4630	0.050	0.700	50
4460	0.050	0.700	60
4280	0.050	0.700	70
4114	0.050	0.700	80
3440	0.050	0.700	90
5311	0.050	0.800	10
3275	0.050	0.800	100
2404	0.050	0.800	110
2288	0.050	0.800	123
5481	0.050	0.800	130
5651	0.050	0.800	140
5821	0.050	0.800	150
5141	0.050	0.800	20
4971	0.050	0.800	30
4801	0.050	0.800	40
4631	0.050	0.800	50
4461	0.050	0.800	60
4281	0.050	0.800	70
4115	0.050	0.800	80
3441	0.050	0.800	90
5312	0.050	0.900	10
3276	0.050	0.900	100
2405	0.050	0.900	110
2287	0.050	0.900	123
5482	0.050	0.900	130
5652	0.050	0.900	140
5822	0.050	0.900	150
5142	0.050	0.900	20
4972	0.050	0.900	30
4802	0.050	0.900	40
4632	0.050	0.900	50
4462	0.050	0.900	60
4282	0.050	0.900	70
4116	0.050	0.900	80
3442	0.050	0.900	90
5313	0.150	0.000	10
3277	0.150	0.000	100
2406	0.150	0.000	110
2286	0.150	0.000	123
5483	0.150	0.000	130
5653	0.150	0.000	140
5823	0.150	0.000	150
5143	0.150	0.000	20
4973	0.150	0.000	30
4803	0.150	0.000	40
4633	0.150	0.000	50
4463	0.150	0.000	60
4283	0.150	0.000	70
4117	0.150	0.000	80
3443	0.150	0.000	90
5314	0.150	0.100	10
3278	0.150	0.100	100
2407	0.150	0.100	110
2285	0.150	0.100	123
5484	0.150	0.100	130
5654	0.150	0.100	140
5824	0.150	0.100	150
5144	0.150	0.100	20
4974	0.150	0.100	30
4804	0.150	0.100	40
4634	0.150	0.100	50
4464	0.150	0.100	60
4284	0.150	0.100	70
4118	0.150	0.100	80
3444	0.150	0.100	90
5315	0.150	0.200	10
3279	0.150	0.200	100
2408	0.150	0.200	110
2284	0.150	0.200	123
5485	0.150	0.200	130
5655	0.150	0.200	140
5825	0.150	0.200	150
5145	0.150	0.200	20
4975	0.150	0.200	30
4805	0.150	0.200	40
4635	0.150	0.200	50
4465	0.150	0.200	60
4285	0.150	0.200	70
4119	0.150	0.200	80
3445	0.150	0.200	90
5316	0.150	0.300	10
3280	0.150	0.300	100
2409	0.150	0.300	110
2283	0.150	0.300	123
5486	0.150	0.300	130
5656	0.150	0.300	140
5826	0.150	0.300	150
5146	0.150	0.300	20
4976	0.150	0.300	30
4806	0.150	0.300	40
4636	0.150	0.300	50
4466	0.150	0.300	60
4286	0.150	0.300	70
4120	0.150	0.300	80
3446	0.150	0.300	90
5317	0.150	0.400	10
3281	0.150	0.400	100
2410	0.150	0.400	110
2282	0.150	0.400	123
5487	0.150	0.400	130
5657	0.150	0.400	140
5827	0.150	0.400	150
5147	0.150	0.400	20
4977	0.150	0.400	30
4807	0.150	0.400	40
4637	0.150	0.400	50
4467	0.150	0.400	60
4287	0.150	0.400	70
4121	0.150	0.400	80
3447	0.150	0.400	90
5318	0.150	0.500	10
3282	0.150	0.500	100
2411	0.150	0.500	110
2281	0.150	0.500	123
5488	0.150	0.500	130
5658	0.150	0.500	140
5828	0.150	0.500	150
5148	0.150	0.500	20
4978	0.150	0.500	30
4808	0.150	0.500	40
4638	0.150	0.500	50
4468	0.150	0.500	60
4288	0.150	0.500	70
4122	0.150	0.500	80
3448	0.150	0.500	90
5319	0.150	0.600	10
3283	0.150	0.600	100
2412	0.150	0.600	110
2280	0.150	0.600	123
5489	0.150	0.600	130
5659	0.150	0.600	140
5829	0.150	0.600	150
5149	0.150	0.600	20
4979	0.150	0.600	30
4809	0.150	0.600	40
4639	0.150	0.600	50
4469	0.150	0.600	60
4289	0.150	0.600	70
4123	0.150	0.600	80
3449	0.150	0.600	90
5320	0.150	0.700	10
3284	0.150	0.700	100
2413	0.150	0.700	110
2279	0.150	0.700	123
5490	0.150	0.700	130
5660	0.150	0.700	140
5830	0.150	0.700	150
5150	0.150	0.700	20
4980	0.150	0.700	30
4810	0.150	0.700	40
4640	0.150	0.700	50
4470	0.150	0.700	60
4290	0.150	0.700	70
4124	0.150	0.700	80
3450	0.150	0.700	90
5321	0.150	0.800	10
3285	0.150	0.800	100
2414	0.150	0.800	110
2278	0.150	0.800	123
5491	0.150	0.800	130
5661	0.150	0.800	140
5831	0.150	0.800	150
5151	0.150	0.800	20
4981	0.150	0.800	30
4811	0.150	0.800	40
4641	0.150	0.800	50
4471	0.150	0.800	60
4291	0.150	0.800	70
4125	0.150	0.800	80
3451	0.150	0.800	90
5322	0.150	0.900	10
3286	0.150	0.900	100
2415	0.150	0.900	110
2277	0.150	0.900	123
5492	0.150	0.900	130
5662	0.150	0.900	140
5832	0.150	0.900	150
5152	0.150	0.900	20
4982	0.150	0.900	30
4812	0.150	0.900	40
4642	0.150	0.900	50
4472	0.150	0.900	60
4292	0.150	0.900	70
4126	0.150	0.900	80
3452	0.150	0.900	90
5323	0.250	0.000	10
3287	0.250	0.000	100
2416	0.250	0.000	110
2276	0.250	0.000	123
5493	0.250	0.000	130
5663	0.250	0.000	140
5833	0.250	0.000	150
5153	0.250	0.000	20
4983	0.250	0.000	30
4813	0.250	0.000	40
4643	0.250	0.000	50
4473	0.250	0.000	60
4293	0.250	0.000	70
4127	0.250	0.000	80
3453	0.250	0.000	90
5324	0.250	0.100	10
3288	0.250	0.100	100
2417	0.250	0.100	110
2275	0.250	0.100	123
5494	0.250	0.100	130
5664	0.250	0.100	140
5834	0.250	0.100	150
5154	0.250	0.100	20
4984	0.250	0.100	30
4814	0.250	0.100	40
4644	0.250	0.100	50
4474	0.250	0.100	60
4294	0.250	0.100	70
4128	0.250	0.100	80
3454	0.250	0.100	90
5325	0.250	0.200	10
3289	0.250	0.200	100
2418	0.250	0.200	110
2274	0.250	0.200	123
5495	0.250	0.200	130
5665	0.250	0.200	140
5835	0.250	0.200	150
5155	0.250	0.200	20
4985	0.250	0.200	30
4815	0.250	0.200	40
4645	0.250	0.200	50
4475	0.250	0.200	60
4295	0.250	0.200	70
4129	0.250	0.200	80
3455	0.250	0.200	90
5326	0.250	0.300	10
3290	0.250	0.300	100
2419	0.250	0.300	110
2273	0.250	0.300	123
5496	0.250	0.300	130
5666	0.250	0.300	140
5836	0.250	0.300	150
5156	0.250	0.300	20
4986	0.250	0.300	30
4816	0.250	0.300	40
4646	0.250	0.300	50
4476	0.250	0.300	60
4296	0.250	0.300	70
4130	0.250	0.300	80
3456	0.250	0.300	90
5327	0.250	0.400	10
3291	0.250	0.400	100
2420	0.250	0.400	110
2272	0.250	0.400	123
5497	0.250	0.400	130
5667	0.250	0.400	140
5837	0.250	0.400	150
5157	0.250	0.400	20
4987	0.250	0.400	30
4817	0.250	0.400	40
4647	0.250	0.400	50
4477	0.250	0.400	60
4297	0.250	0.400	70
4131	0.250	0.400	80
3457	0.250	0.400	90
5328	0.250	0.500	10
3292	0.250	0.500	100
2421	0.250	0.500	110
2271	0.250	0.500	123
5498	0.250	0.500	130
5668	0.250	0.500	140
5838	0.250	0.500	150
5158	0.250	0.500	20
4988	0.250	0.500	30
4818	0.250	0.500	40
4648	0.250	0.500	50
4478	0.250	0.500	60
4298	0.250	0.500	70
4132	0.250	0.500	80
3458	0.250	0.500	90
5329	0.250	0.600	10
3293	0.250	0.600	100
2422	0.250	0.600	110
2270	0.250	0.600	123
5499	0.250	0.600	130
5669	0.250	0.600	140
5839	0.250	0.600	150
5159	0.250	0.600	20
4989	0.250	0.600	30
4819	0.250	0.600	40
4649	0.250	0.600	50
4479	0.250	0.600	60
4299	0.250	0.600	70
4133	0.250	0.600	80
3459	0.250	0.600	90
5330	0.250	0.700	10
3294	0.250	0.700	100
2423	0.250	0.700	110
8924	0.250	0.700	123
5500	0.250	0.700	130
5670	0.250	0.700	140
5840	0.250	0.700	150
5160	0.250	0.700	20
4990	0.250	0.700	30
4820	0.250	0.700	40
4650	0.250	0.700	50
4480	0.250	0.700	60
4300	0.250	0.700	70
4134	0.250	0.700	80
3460	0.250	0.700	90
5331	0.250	0.800	10
3295	0.250	0.800	100
2424	0.250	0.800	110
2091	0.250	0.800	123
5501	0.250	0.800	130
5671	0.250	0.800	140
5841	0.250	0.800	150
5161	0.250	0.800	20
4991	0.250	0.800	30
4821	0.250	0.800	40
4651	0.250	0.800	50
4481	0.250	0.800	60
4301	0.250	0.800	70
4135	0.250	0.800	80
3461	0.250	0.800	90
5332	0.250	0.900	10
3296	0.250	0.900	100
2425	0.250	0.900	110
2090	0.250	0.900	123
5502	0.250	0.900	130
5672	0.250	0.900	140
5842	0.250	0.900	150
5162	0.250	0.900	20
4992	0.250	0.900	30
4822	0.250	0.900	40
4652	0.250	0.900	50
4482	0.250	0.900	60
4302	0.250	0.900	70
4136	0.250	0.900	80
3462	0.250	0.900	90
5333	0.350	0.000	10
3297	0.350	0.000	100
2426	0.350	0.000	110
2089	0.350	0.000	123
5503	0.350	0.000	130
5673	0.350	0.000	140
5843	0.350	0.000	150
5163	0.350	0.000	20
4993	0.350	0.000	30
4823	0.350	0.000	40
4653	0.350	0.000	50
4483	0.350	0.000	60
4303	0.350	0.000	70
4137	0.350	0.000	80
3463	0.350	0.000	90
5334	0.350	0.100	10
3298	0.350	0.100	100
2427	0.350	0.100	110
2088	0.350	0.100	123
5504	0.350	0.100	130
5674	0.350	0.100	140
5844	0.350	0.100	150
5164	0.350	0.100	20
4994	0.350	0.100	30
4824	0.350	0.100	40
4654	0.350	0.100	50
4484	0.350	0.100	60
4304	0.350	0.100	70
4138	0.350	0.100	80
3464	0.350	0.100	90
5335	0.350	0.200	10
3299	0.350	0.200	100
2428	0.350	0.200	110
2087	0.350	0.200	123
5505	0.350	0.200	130
5675	0.350	0.200	140
5845	0.350	0.200	150
5165	0.350	0.200	20
4995	0.350	0.200	30
4825	0.350	0.200	40
4655	0.350	0.200	50
4485	0.350	0.200	60
4305	0.350	0.200	70
4139	0.350	0.200	80
3465	0.350	0.200	90
5336	0.350	0.300	10
3300	0.350	0.300	100
2429	0.350	0.300	110
2086	0.350	0.300	123
5506	0.350	0.300	130
5676	0.350	0.300	140
5846	0.350	0.300	150
5166	0.350	0.300	20
4996	0.350	0.300	30
4826	0.350	0.300	40
4656	0.350	0.300	50
4486	0.350	0.300	60
4306	0.350	0.300	70
4140	0.350	0.300	80
3466	0.350	0.300	90
5337	0.350	0.400	10
3301	0.350	0.400	100
2430	0.350	0.400	110
2085	0.350	0.400	123
5507	0.350	0.400	130
5677	0.350	0.400	140
5847	0.350	0.400	150
5167	0.350	0.400	20
4997	0.350	0.400	30
4827	0.350	0.400	40
4657	0.350	0.400	50
4487	0.350	0.400	60
4307	0.350	0.400	70
4141	0.350	0.400	80
3467	0.350	0.400	90
5338	0.350	0.500	10
3302	0.350	0.500	100
2431	0.350	0.500	110
2084	0.350	0.500	123
5508	0.350	0.500	130
5678	0.350	0.500	140
5848	0.350	0.500	150
5168	0.350	0.500	20
4998	0.350	0.500	30
4828	0.350	0.500	40
4658	0.350	0.500	50
4488	0.350	0.500	60
4308	0.350	0.500	70
4142	0.350	0.500	80
3468	0.350	0.500	90
5339	0.350	0.600	10
3303	0.350	0.600	100
2432	0.350	0.600	110
2083	0.350	0.600	123
5509	0.350	0.600	130
5679	0.350	0.600	140
5849	0.350	0.600	150
5169	0.350	0.600	20
4999	0.350	0.600	30
4829	0.350	0.600	40
4659	0.350	0.600	50
4489	0.350	0.600	60
4309	0.350	0.600	70
4143	0.350	0.600	80
3469	0.350	0.600	90
5340	0.350	0.700	10
3304	0.350	0.700	100
2433	0.350	0.700	110
2082	0.350	0.700	123
5510	0.350	0.700	130
5680	0.350	0.700	140
5850	0.350	0.700	150
5170	0.350	0.700	20
5000	0.350	0.700	30
4830	0.350	0.700	40
4660	0.350	0.700	50
4490	0.350	0.700	60
4310	0.350	0.700	70
4144	0.350	0.700	80
3470	0.350	0.700	90
5341	0.350	0.800	10
3305	0.350	0.800	100
2434	0.350	0.800	110
2081	0.350	0.800	123
5511	0.350	0.800	130
5681	0.350	0.800	140
5851	0.350	0.800	150
5171	0.350	0.800	20
5001	0.350	0.800	30
4831	0.350	0.800	40
4661	0.350	0.800	50
4491	0.350	0.800	60
4311	0.350	0.800	70
4145	0.350	0.800	80
3471	0.350	0.800	90
5342	0.350	0.900	10
3306	0.350	0.900	100
2435	0.350	0.900	110
2080	0.350	0.900	123
5512	0.350	0.900	130
5682	0.350	0.900	140
5852	0.350	0.900	150
5172	0.350	0.900	20
5002	0.350	0.900	30
4832	0.350	0.900	40
4662	0.350	0.900	50
4492	0.350	0.900	60
4312	0.350	0.900	70
4146	0.350	0.900	80
3472	0.350	0.900	90
5343	0.450	0.000	10
3307	0.450	0.000	100
2436	0.450	0.000	110
2079	0.450	0.000	123
5513	0.450	0.000	130
5683	0.450	0.000	140
5853	0.450	0.000	150
5173	0.450	0.000	20
5003	0.450	0.000	30
4833	0.450	0.000	40
4663	0.450	0.000	50
4493	0.450	0.000	60
4313	0.450	0.000	70
4147	0.450	0.000	80
3473	0.450	0.000	90
5344	0.450	0.100	10
3308	0.450	0.100	100
2437	0.450	0.100	110
2078	0.450	0.100	123
5514	0.450	0.100	130
5684	0.450	0.100	140
5854	0.450	0.100	150
5174	0.450	0.100	20
5004	0.450	0.100	30
4834	0.450	0.100	40
4664	0.450	0.100	50
4494	0.450	0.100	60
4314	0.450	0.100	70
4148	0.450	0.100	80
3474	0.450	0.100	90
5345	0.450	0.200	10
3309	0.450	0.200	100
2438	0.450	0.200	110
2077	0.450	0.200	123
5515	0.450	0.200	130
5685	0.450	0.200	140
5855	0.450	0.200	150
5175	0.450	0.200	20
5005	0.450	0.200	30
4835	0.450	0.200	40
4665	0.450	0.200	50
4495	0.450	0.200	60
4315	0.450	0.200	70
4149	0.450	0.200	80
3475	0.450	0.200	90
5346	0.450	0.300	10
3310	0.450	0.300	100
2439	0.450	0.300	110
2076	0.450	0.300	123
5516	0.450	0.300	130
5686	0.450	0.300	140
5856	0.450	0.300	150
5176	0.450	0.300	20
5006	0.450	0.300	30
4836	0.450	0.300	40
4666	0.450	0.300	50
4496	0.450	0.300	60
4316	0.450	0.300	70
4150	0.450	0.300	80
3476	0.450	0.300	90
5347	0.450	0.400	10
3311	0.450	0.400	100
2440	0.450	0.400	110
2075	0.450	0.400	123
5517	0.450	0.400	130
5687	0.450	0.400	140
5857	0.450	0.400	150
5177	0.450	0.400	20
5007	0.450	0.400	30
4837	0.450	0.400	40
4667	0.450	0.400	50
4497	0.450	0.400	60
4317	0.450	0.400	70
4151	0.450	0.400	80
3477	0.450	0.400	90
5348	0.450	0.500	10
3312	0.450	0.500	100
2441	0.450	0.500	110
2074	0.450	0.500	123
5518	0.450	0.500	130
5688	0.450	0.500	140
5858	0.450	0.500	150
5178	0.450	0.500	20
5008	0.450	0.500	30
4838	0.450	0.500	40
4668	0.450	0.500	50
4498	0.450	0.500	60
4318	0.450	0.500	70
4152	0.450	0.500	80
3478	0.450	0.500	90
5349	0.450	0.600	10
3313	0.450	0.600	100
2442	0.450	0.600	110
2073	0.450	0.600	123
5519	0.450	0.600	130
5689	0.450	0.600	140
5859	0.450	0.600	150
5179	0.450	0.600	20
5009	0.450	0.600	30
4839	0.450	0.600	40
4669	0.450	0.600	50
4499	0.450	0.600	60
4319	0.450	0.600	70
4153	0.450	0.600	80
3479	0.450	0.600	90
5350	0.450	0.700	10
3314	0.450	0.700	100
2443	0.450	0.700	110
2072	0.450	0.700	123
5520	0.450	0.700	130
5690	0.450	0.700	140
5860	0.450	0.700	150
5180	0.450	0.700	20
5010	0.450	0.700	30
4840	0.450	0.700	40
4670	0.450	0.700	50
4500	0.450	0.700	60
4320	0.450	0.700	70
4154	0.450	0.700	80
3480	0.450	0.700	90
5351	0.450	0.800	10
3315	0.450	0.800	100
2444	0.450	0.800	110
2071	0.450	0.800	123
5521	0.450	0.800	130
5691	0.450	0.800	140
5861	0.450	0.800	150
5181	0.450	0.800	20
5011	0.450	0.800	30
4841	0.450	0.800	40
4671	0.450	0.800	50
4501	0.450	0.800	60
4321	0.450	0.800	70
4155	0.450	0.800	80
3481	0.450	0.800	90
5352	0.450	0.900	10
3316	0.450	0.900	100
2445	0.450	0.900	110
2070	0.450	0.900	123
5522	0.450	0.900	130
5692	0.450	0.900	140
5862	0.450	0.900	150
5182	0.450	0.900	20
5012	0.450	0.900	30
4842	0.450	0.900	40
4672	0.450	0.900	50
4502	0.450	0.900	60
4322	0.450	0.900	70
4156	0.450	0.900	80
3482	0.450	0.900	90
5353	0.550	0.000	10
3317	0.550	0.000	100
2446	0.550	0.000	110
2069	0.550	0.000	123
5523	0.550	0.000	130
5693	0.550	0.000	140
5863	0.550	0.000	150
5183	0.550	0.000	20
5013	0.550	0.000	30
4843	0.550	0.000	40
4673	0.550	0.000	50
4503	0.550	0.000	60
4323	0.550	0.000	70
4157	0.550	0.000	80
3483	0.550	0.000	90
5354	0.550	0.100	10
3318	0.550	0.100	100
2447	0.550	0.100	110
2068	0.550	0.100	123
5524	0.550	0.100	130
5694	0.550	0.100	140
5864	0.550	0.100	150
5184	0.550	0.100	20
5014	0.550	0.100	30
4844	0.550	0.100	40
4674	0.550	0.100	50
4504	0.550	0.100	60
4324	0.550	0.100	70
4158	0.550	0.100	80
3484	0.550	0.100	90
5355	0.550	0.200	10
3319	0.550	0.200	100
2448	0.550	0.200	110
2067	0.550	0.200	123
5525	0.550	0.200	130
5695	0.550	0.200	140
5865	0.550	0.200	150
5185	0.550	0.200	20
5015	0.550	0.200	30
4845	0.550	0.200	40
4675	0.550	0.200	50
4505	0.550	0.200	60
4325	0.550	0.200	70
4159	0.550	0.200	80
3485	0.550	0.200	90
5356	0.550	0.300	10
3320	0.550	0.300	100
2449	0.550	0.300	110
2066	0.550	0.300	123
5526	0.550	0.300	130
5696	0.550	0.300	140
5866	0.550	0.300	150
5186	0.550	0.300	20
5016	0.550	0.300	30
4846	0.550	0.300	40
4676	0.550	0.300	50
4506	0.550	0.300	60
4326	0.550	0.300	70
4160	0.550	0.300	80
3486	0.550	0.300	90
5357	0.550	0.400	10
3321	0.550	0.400	100
2450	0.550	0.400	110
2065	0.550	0.400	123
5527	0.550	0.400	130
5697	0.550	0.400	140
5867	0.550	0.400	150
5187	0.550	0.400	20
5017	0.550	0.400	30
4847	0.550	0.400	40
4677	0.550	0.400	50
4507	0.550	0.400	60
4327	0.550	0.400	70
4161	0.550	0.400	80
3487	0.550	0.400	90
5358	0.550	0.500	10
3322	0.550	0.500	100
2451	0.550	0.500	110
2064	0.550	0.500	123
5528	0.550	0.500	130
5698	0.550	0.500	140
5868	0.550	0.500	150
5188	0.550	0.500	20
5018	0.550	0.500	30
4848	0.550	0.500	40
4678	0.550	0.500	50
4508	0.550	0.500	60
4328	0.550	0.500	70
4162	0.550	0.500	80
3488	0.550	0.500	90
5359	0.550	0.600	10
3323	0.550	0.600	100
2452	0.550	0.600	110
2063	0.550	0.600	123
5529	0.550	0.600	130
5699	0.550	0.600	140
5869	0.550	0.600	150
5189	0.550	0.600	20
5019	0.550	0.600	30
4849	0.550	0.600	40
4679	0.550	0.600	50
4509	0.550	0.600	60
4329	0.550	0.600	70
4163	0.550	0.600	80
3489	0.550	0.600	90
5360	0.550	0.700	10
3324	0.550	0.700	100
2453	0.550	0.700	110
2062	0.550	0.700	123
5530	0.550	0.700	130
5700	0.550	0.700	140
5870	0.550	0.700	150
5190	0.550	0.700	20
5020	0.550	0.700	30
4850	0.550	0.700	40
4680	0.550	0.700	50
4510	0.550	0.700	60
4330	0.550	0.700	70
4164	0.550	0.700	80
3490	0.550	0.700	90
5361	0.550	0.800	10
3325	0.550	0.800	100
2454	0.550	0.800	110
2061	0.550	0.800	123
5531	0.550	0.800	130
5701	0.550	0.800	140
5871	0.550	0.800	150
5191	0.550	0.800	20
5021	0.550	0.800	30
4851	0.550	0.800	40
4681	0.550	0.800	50
4511	0.550	0.800	60
4331	0.550	0.800	70
4165	0.550	0.800	80
3491	0.550	0.800	90
5362	0.550	0.900	10
3326	0.550	0.900	100
2455	0.550	0.900	110
2060	0.550	0.900	123
5532	0.550	0.900	130
5702	0.550	0.900	140
5872	0.550	0.900	150
5192	0.550	0.900	20
5022	0.550	0.900	30
4852	0.550	0.900	40
4682	0.550	0.900	50
4512	0.550	0.900	60
4332	0.550	0.900	70
4166	0.550	0.900	80
3492	0.550	0.900	90
5363	0.650	0.000	10
3327	0.650	0.000	100
2456	0.650	0.000	110
2059	0.650	0.000	123
5533	0.650	0.000	130
5703	0.650	0.000	140
5873	0.650	0.000	150
5193	0.650	0.000	20
5023	0.650	0.000	30
4853	0.650	0.000	40
4683	0.650	0.000	50
4513	0.650	0.000	60
4333	0.650	0.000	70
4167	0.650	0.000	80
3493	0.650	0.000	90
5364	0.650	0.100	10
3328	0.650	0.100	100
2457	0.650	0.100	110
2058	0.650	0.100	123
5534	0.650	0.100	130
5704	0.650	0.100	140
5874	0.650	0.100	150
5194	0.650	0.100	20
5024	0.650	0.100	30
4854	0.650	0.100	40
4684	0.650	0.100	50
4514	0.650	0.100	60
4334	0.650	0.100	70
4168	0.650	0.100	80
3494	0.650	0.100	90
5365	0.650	0.200	10
3329	0.650	0.200	100
2458	0.650	0.200	110
2057	0.650	0.200	123
5535	0.650	0.200	130
5705	0.650	0.200	140
5875	0.650	0.200	150
5195	0.650	0.200	20
5025	0.650	0.200	30
4855	0.650	0.200	40
4685	0.650	0.200	50
4515	0.650	0.200	60
4335	0.650	0.200	70
4169	0.650	0.200	80
3495	0.650	0.200	90
5366	0.650	0.300	10
3330	0.650	0.300	100
2459	0.650	0.300	110
2056	0.650	0.300	123
5536	0.650	0.300	130
5706	0.650	0.300	140
5876	0.650	0.300	150
5196	0.650	0.300	20
5026	0.650	0.300	30
4856	0.650	0.300	40
4686	0.650	0.300	50
4516	0.650	0.300	60
4336	0.650	0.300	70
4170	0.650	0.300	80
3496	0.650	0.300	90
5367	0.650	0.400	10
3331	0.650	0.400	100
2460	0.650	0.400	110
2268	0.650	0.400	123
5537	0.650	0.400	130
5707	0.650	0.400	140
5877	0.650	0.400	150
5197	0.650	0.400	20
5027	0.650	0.400	30
4857	0.650	0.400	40
4687	0.650	0.400	50
4517	0.650	0.400	60
4337	0.650	0.400	70
4171	0.650	0.400	80
3497	0.650	0.400	90
5368	0.650	0.500	10
3332	0.650	0.500	100
2461	0.650	0.500	110
2267	0.650	0.500	123
5538	0.650	0.500	130
5708	0.650	0.500	140
5878	0.650	0.500	150
5198	0.650	0.500	20
5028	0.650	0.500	30
4858	0.650	0.500	40
4688	0.650	0.500	50
4518	0.650	0.500	60
4338	0.650	0.500	70
4172	0.650	0.500	80
3498	0.650	0.500	90
5369	0.650	0.600	10
3333	0.650	0.600	100
2462	0.650	0.600	110
2266	0.650	0.600	123
5539	0.650	0.600	130
5709	0.650	0.600	140
5879	0.650	0.600	150
5199	0.650	0.600	20
5029	0.650	0.600	30
4859	0.650	0.600	40
4689	0.650	0.600	50
4519	0.650	0.600	60
4339	0.650	0.600	70
4173	0.650	0.600	80
3499	0.650	0.600	90
5370	0.650	0.700	10
3334	0.650	0.700	100
2463	0.650	0.700	110
2265	0.650	0.700	123
5540	0.650	0.700	130
5710	0.650	0.700	140
5880	0.650	0.700	150
5200	0.650	0.700	20
5030	0.650	0.700	30
4860	0.650	0.700	40
4690	0.650	0.700	50
4520	0.650	0.700	60
4340	0.650	0.700	70
4174	0.650	0.700	80
3500	0.650	0.700	90
5371	0.650	0.800	10
3335	0.650	0.800	100
2464	0.650	0.800	110
2264	0.650	0.800	123
5541	0.650	0.800	130
5711	0.650	0.800	140
5881	0.650	0.800	150
5201	0.650	0.800	20
5031	0.650	0.800	30
4861	0.650	0.800	40
4691	0.650	0.800	50
4521	0.650	0.800	60
4341	0.650	0.800	70
4175	0.650	0.800	80
3501	0.650	0.800	90
5372	0.650	0.900	10
3336	0.650	0.900	100
2465	0.650	0.900	110
2263	0.650	0.900	123
5542	0.650	0.900	130
5712	0.650	0.900	140
5882	0.650	0.900	150
5202	0.650	0.900	20
5032	0.650	0.900	30
4862	0.650	0.900	40
4692	0.650	0.900	50
4522	0.650	0.900	60
4342	0.650	0.900	70
4176	0.650	0.900	80
3502	0.650	0.900	90
5373	0.750	0.000	10
3337	0.750	0.000	100
2466	0.750	0.000	110
2262	0.750	0.000	123
5543	0.750	0.000	130
5713	0.750	0.000	140
5883	0.750	0.000	150
5203	0.750	0.000	20
5033	0.750	0.000	30
4863	0.750	0.000	40
4693	0.750	0.000	50
4523	0.750	0.000	60
4343	0.750	0.000	70
4177	0.750	0.000	80
3503	0.750	0.000	90
5374	0.750	0.100	10
3338	0.750	0.100	100
2467	0.750	0.100	110
2297	0.750	0.100	123
5544	0.750	0.100	130
5714	0.750	0.100	140
5884	0.750	0.100	150
5204	0.750	0.100	20
5034	0.750	0.100	30
4864	0.750	0.100	40
4694	0.750	0.100	50
4524	0.750	0.100	60
4344	0.750	0.100	70
4178	0.750	0.100	80
3504	0.750	0.100	90
5375	0.750	0.200	10
3339	0.750	0.200	100
2468	0.750	0.200	110
2298	0.750	0.200	123
5545	0.750	0.200	130
5715	0.750	0.200	140
5885	0.750	0.200	150
5205	0.750	0.200	20
5035	0.750	0.200	30
4865	0.750	0.200	40
4695	0.750	0.200	50
4525	0.750	0.200	60
4345	0.750	0.200	70
4179	0.750	0.200	80
3505	0.750	0.200	90
5376	0.750	0.300	10
3340	0.750	0.300	100
2469	0.750	0.300	110
2299	0.750	0.300	123
5546	0.750	0.300	130
5716	0.750	0.300	140
5886	0.750	0.300	150
5206	0.750	0.300	20
5036	0.750	0.300	30
4866	0.750	0.300	40
4696	0.750	0.300	50
4526	0.750	0.300	60
4346	0.750	0.300	70
4180	0.750	0.300	80
3506	0.750	0.300	90
5377	0.750	0.400	10
3341	0.750	0.400	100
2470	0.750	0.400	110
2300	0.750	0.400	123
5547	0.750	0.400	130
5717	0.750	0.400	140
5887	0.750	0.400	150
5207	0.750	0.400	20
5037	0.750	0.400	30
4867	0.750	0.400	40
4697	0.750	0.400	50
4527	0.750	0.400	60
4347	0.750	0.400	70
4181	0.750	0.400	80
3507	0.750	0.400	90
5378	0.750	0.500	10
3342	0.750	0.500	100
2471	0.750	0.500	110
2301	0.750	0.500	123
5548	0.750	0.500	130
5718	0.750	0.500	140
5888	0.750	0.500	150
5208	0.750	0.500	20
5038	0.750	0.500	30
4868	0.750	0.500	40
4698	0.750	0.500	50
4528	0.750	0.500	60
4348	0.750	0.500	70
4182	0.750	0.500	80
3508	0.750	0.500	90
5379	0.750	0.600	10
3343	0.750	0.600	100
2472	0.750	0.600	110
2302	0.750	0.600	123
5549	0.750	0.600	130
5719	0.750	0.600	140
5889	0.750	0.600	150
5209	0.750	0.600	20
5039	0.750	0.600	30
4869	0.750	0.600	40
4699	0.750	0.600	50
4529	0.750	0.600	60
4349	0.750	0.600	70
4183	0.750	0.600	80
3509	0.750	0.600	90
5380	0.750	0.700	10
3344	0.750	0.700	100
2473	0.750	0.700	110
2303	0.750	0.700	123
5550	0.750	0.700	130
5720	0.750	0.700	140
5890	0.750	0.700	150
5210	0.750	0.700	20
5040	0.750	0.700	30
4870	0.750	0.700	40
4700	0.750	0.700	50
4530	0.750	0.700	60
4350	0.750	0.700	70
4184	0.750	0.700	80
3510	0.750	0.700	90
5381	0.750	0.800	10
3345	0.750	0.800	100
2474	0.750	0.800	110
2304	0.750	0.800	123
5551	0.750	0.800	130
5721	0.750	0.800	140
5891	0.750	0.800	150
5211	0.750	0.800	20
5041	0.750	0.800	30
4871	0.750	0.800	40
4701	0.750	0.800	50
4531	0.750	0.800	60
4351	0.750	0.800	70
4185	0.750	0.800	80
3511	0.750	0.800	90
5382	0.750	0.900	10
3346	0.750	0.900	100
2475	0.750	0.900	110
2305	0.750	0.900	123
5552	0.750	0.900	130
5722	0.750	0.900	140
5892	0.750	0.900	150
5212	0.750	0.900	20
5042	0.750	0.900	30
4872	0.750	0.900	40
4702	0.750	0.900	50
4532	0.750	0.900	60
4352	0.750	0.900	70
4186	0.750	0.900	80
3512	0.750	0.900	90
5383	0.850	0.000	10
3347	0.850	0.000	100
2476	0.850	0.000	110
2306	0.850	0.000	123
5553	0.850	0.000	130
5723	0.850	0.000	140
5893	0.850	0.000	150
5213	0.850	0.000	20
5043	0.850	0.000	30
4873	0.850	0.000	40
4703	0.850	0.000	50
4533	0.850	0.000	60
4353	0.850	0.000	70
4187	0.850	0.000	80
3513	0.850	0.000	90
5384	0.850	0.100	10
3348	0.850	0.100	100
2477	0.850	0.100	110
2307	0.850	0.100	123
5554	0.850	0.100	130
5724	0.850	0.100	140
5894	0.850	0.100	150
5214	0.850	0.100	20
5044	0.850	0.100	30
4874	0.850	0.100	40
4704	0.850	0.100	50
4534	0.850	0.100	60
4354	0.850	0.100	70
4188	0.850	0.100	80
3514	0.850	0.100	90
5385	0.850	0.200	10
3349	0.850	0.200	100
2478	0.850	0.200	110
2308	0.850	0.200	123
5555	0.850	0.200	130
5725	0.850	0.200	140
5895	0.850	0.200	150
5215	0.850	0.200	20
5045	0.850	0.200	30
4875	0.850	0.200	40
4705	0.850	0.200	50
4535	0.850	0.200	60
4355	0.850	0.200	70
4189	0.850	0.200	80
3515	0.850	0.200	90
5386	0.850	0.300	10
3350	0.850	0.300	100
2479	0.850	0.300	110
2309	0.850	0.300	123
5556	0.850	0.300	130
5726	0.850	0.300	140
5896	0.850	0.300	150
5216	0.850	0.300	20
5046	0.850	0.300	30
4876	0.850	0.300	40
4706	0.850	0.300	50
4536	0.850	0.300	60
4356	0.850	0.300	70
4190	0.850	0.300	80
3516	0.850	0.300	90
5387	0.850	0.400	10
3351	0.850	0.400	100
2480	0.850	0.400	110
2310	0.850	0.400	123
5557	0.850	0.400	130
5727	0.850	0.400	140
5897	0.850	0.400	150
5217	0.850	0.400	20
5047	0.850	0.400	30
4877	0.850	0.400	40
4707	0.850	0.400	50
4537	0.850	0.400	60
4357	0.850	0.400	70
4191	0.850	0.400	80
3517	0.850	0.400	90
5388	0.850	0.500	10
3352	0.850	0.500	100
2481	0.850	0.500	110
2311	0.850	0.500	123
5558	0.850	0.500	130
5728	0.850	0.500	140
5898	0.850	0.500	150
5218	0.850	0.500	20
5048	0.850	0.500	30
4878	0.850	0.500	40
4708	0.850	0.500	50
4538	0.850	0.500	60
4358	0.850	0.500	70
4192	0.850	0.500	80
3518	0.850	0.500	90
5389	0.850	0.600	10
3353	0.850	0.600	100
2482	0.850	0.600	110
2312	0.850	0.600	123
5559	0.850	0.600	130
5729	0.850	0.600	140
5899	0.850	0.600	150
5219	0.850	0.600	20
5049	0.850	0.600	30
4879	0.850	0.600	40
4709	0.850	0.600	50
4539	0.850	0.600	60
4359	0.850	0.600	70
4193	0.850	0.600	80
3519	0.850	0.600	90
5390	0.850	0.700	10
3354	0.850	0.700	100
2483	0.850	0.700	110
2313	0.850	0.700	123
5560	0.850	0.700	130
5730	0.850	0.700	140
5900	0.850	0.700	150
5220	0.850	0.700	20
5050	0.850	0.700	30
4880	0.850	0.700	40
4710	0.850	0.700	50
4540	0.850	0.700	60
4360	0.850	0.700	70
4194	0.850	0.700	80
3520	0.850	0.700	90
5391	0.850	0.800	10
3355	0.850	0.800	100
2484	0.850	0.800	110
2314	0.850	0.800	123
5561	0.850	0.800	130
5731	0.850	0.800	140
5901	0.850	0.800	150
5221	0.850	0.800	20
5051	0.850	0.800	30
4881	0.850	0.800	40
4711	0.850	0.800	50
4541	0.850	0.800	60
4361	0.850	0.800	70
4195	0.850	0.800	80
3521	0.850	0.800	90
5392	0.850	0.900	10
3356	0.850	0.900	100
2485	0.850	0.900	110
2315	0.850	0.900	123
5562	0.850	0.900	130
5732	0.850	0.900	140
5902	0.850	0.900	150
5222	0.850	0.900	20
5052	0.850	0.900	30
4882	0.850	0.900	40
4712	0.850	0.900	50
4542	0.850	0.900	60
4362	0.850	0.900	70
4196	0.850	0.900	80
3522	0.850	0.900	90
5393	0.950	0.000	10
2656	0.950	0.000	100
2486	0.950	0.000	110
2316	0.950	0.000	123
5563	0.950	0.000	130
5733	0.950	0.000	140
5903	0.950	0.000	150
5223	0.950	0.000	20
5053	0.950	0.000	30
4883	0.950	0.000	40
4713	0.950	0.000	50
4543	0.950	0.000	60
4363	0.950	0.000	70
3693	0.950	0.000	80
3523	0.950	0.000	90
5394	0.950	0.100	10
3357	0.950	0.100	100
2487	0.950	0.100	110
2317	0.950	0.100	123
5564	0.950	0.100	130
5734	0.950	0.100	140
5904	0.950	0.100	150
5224	0.950	0.100	20
5054	0.950	0.100	30
4884	0.950	0.100	40
4714	0.950	0.100	50
4544	0.950	0.100	60
4364	0.950	0.100	70
4197	0.950	0.100	80
3524	0.950	0.100	90
5395	0.950	0.200	10
3358	0.950	0.200	100
2488	0.950	0.200	110
2318	0.950	0.200	123
5565	0.950	0.200	130
5735	0.950	0.200	140
5905	0.950	0.200	150
5225	0.950	0.200	20
5055	0.950	0.200	30
4885	0.950	0.200	40
4715	0.950	0.200	50
4545	0.950	0.200	60
4365	0.950	0.200	70
4198	0.950	0.200	80
3525	0.950	0.200	90
5396	0.950	0.300	10
3359	0.950	0.300	100
2489	0.950	0.300	110
2319	0.950	0.300	123
5566	0.950	0.300	130
5736	0.950	0.300	140
5906	0.950	0.300	150
5226	0.950	0.300	20
5056	0.950	0.300	30
4886	0.950	0.300	40
4716	0.950	0.300	50
4546	0.950	0.300	60
4366	0.950	0.300	70
4199	0.950	0.300	80
3526	0.950	0.300	90
5397	0.950	0.400	10
3360	0.950	0.400	100
2490	0.950	0.400	110
2320	0.950	0.400	123
5567	0.950	0.400	130
5737	0.950	0.400	140
5907	0.950	0.400	150
5227	0.950	0.400	20
5057	0.950	0.400	30
4887	0.950	0.400	40
4717	0.950	0.400	50
4547	0.950	0.400	60
4367	0.950	0.400	70
4200	0.950	0.400	80
3527	0.950	0.400	90
5398	0.950	0.500	10
3361	0.950	0.500	100
2491	0.950	0.500	110
2321	0.950	0.500	123
5568	0.950	0.500	130
5738	0.950	0.500	140
5908	0.950	0.500	150
5228	0.950	0.500	20
5058	0.950	0.500	30
4888	0.950	0.500	40
4718	0.950	0.500	50
4548	0.950	0.500	60
4368	0.950	0.500	70
4201	0.950	0.500	80
3528	0.950	0.500	90
5399	0.950	0.600	10
3362	0.950	0.600	100
2492	0.950	0.600	110
2322	0.950	0.600	123
5569	0.950	0.600	130
5739	0.950	0.600	140
5909	0.950	0.600	150
5229	0.950	0.600	20
5059	0.950	0.600	30
4889	0.950	0.600	40
4719	0.950	0.600	50
4549	0.950	0.600	60
4369	0.950	0.600	70
4202	0.950	0.600	80
3529	0.950	0.600	90
5400	0.950	0.700	10
3363	0.950	0.700	100
2493	0.950	0.700	110
2323	0.950	0.700	123
5570	0.950	0.700	130
5740	0.950	0.700	140
5910	0.950	0.700	150
5230	0.950	0.700	20
5060	0.950	0.700	30
4890	0.950	0.700	40
4720	0.950	0.700	50
4550	0.950	0.700	60
4370	0.950	0.700	70
4203	0.950	0.700	80
3530	0.950	0.700	90
5401	0.950	0.800	10
3364	0.950	0.800	100
2494	0.950	0.800	110
2324	0.950	0.800	123
5571	0.950	0.800	130
5741	0.950	0.800	140
5911	0.950	0.800	150
5231	0.950	0.800	20
5061	0.950	0.800	30
4891	0.950	0.800	40
4721	0.950	0.800	50
4551	0.950	0.800	60
4371	0.950	0.800	70
4204	0.950	0.800	80
3531	0.950	0.800	90
5402	0.950	0.900	10
3365	0.950	0.900	100
2495	0.950	0.900	110
2325	0.950	0.900	123
5572	0.950	0.900	130
5742	0.950	0.900	140
5912	0.950	0.900	150
5232	0.950	0.900	20
5062	0.950	0.900	30
4892	0.950	0.900	40
4722	0.950	0.900	50
4552	0.950	0.900	60
4372	0.950	0.900	70
4205	0.950	0.900	80
3532	0.950	0.900	90
5403	1.050	0.000	10
2666	1.050	0.000	100
2496	1.050	0.000	110
2326	1.050	0.000	123
5573	1.050	0.000	130
5743	1.050	0.000	140
5913	1.050	0.000	150
5233	1.050	0.000	20
5063	1.050	0.000	30
4893	1.050	0.000	40
4723	1.050	0.000	50
4553	1.050	0.000	60
4373	1.050	0.000	70
3703	1.050	0.000	80
3533	1.050	0.000	90
5404	1.050	0.100	10
3366	1.050	0.100	100
2497	1.050	0.100	110
2327	1.050	0.100	123
5574	1.050	0.100	130
5744	1.050	0.100	140
5914	1.050	0.100	150
5234	1.050	0.100	20
5064	1.050	0.100	30
4894	1.050	0.100	40
4724	1.050	0.100	50
4554	1.050	0.100	60
4374	1.050	0.100	70
4206	1.050	0.100	80
3534	1.050	0.100	90
5405	1.050	0.200	10
3367	1.050	0.200	100
2498	1.050	0.200	110
2328	1.050	0.200	123
5575	1.050	0.200	130
5745	1.050	0.200	140
5915	1.050	0.200	150
5235	1.050	0.200	20
5065	1.050	0.200	30
4895	1.050	0.200	40
4725	1.050	0.200	50
4555	1.050	0.200	60
4375	1.050	0.200	70
4207	1.050	0.200	80
3535	1.050	0.200	90
5406	1.050	0.300	10
3368	1.050	0.300	100
2499	1.050	0.300	110
2329	1.050	0.300	123
5576	1.050	0.300	130
5746	1.050	0.300	140
5916	1.050	0.300	150
5236	1.050	0.300	20
5066	1.050	0.300	30
4896	1.050	0.300	40
4726	1.050	0.300	50
4556	1.050	0.300	60
4376	1.050	0.300	70
4208	1.050	0.300	80
3536	1.050	0.300	90
5407	1.050	0.400	10
3369	1.050	0.400	100
3094	1.050	0.400	110
2330	1.050	0.400	123
5577	1.050	0.400	130
5747	1.050	0.400	140
5917	1.050	0.400	150
5237	1.050	0.400	20
5067	1.050	0.400	30
4897	1.050	0.400	40
4727	1.050	0.400	50
4557	1.050	0.400	60
4377	1.050	0.400	70
4209	1.050	0.400	80
3537	1.050	0.400	90
5408	1.050	0.500	10
3370	1.050	0.500	100
3095	1.050	0.500	110
2331	1.050	0.500	123
5578	1.050	0.500	130
5748	1.050	0.500	140
5918	1.050	0.500	150
5238	1.050	0.500	20
5068	1.050	0.500	30
4898	1.050	0.500	40
4728	1.050	0.500	50
4558	1.050	0.500	60
4378	1.050	0.500	70
4210	1.050	0.500	80
3538	1.050	0.500	90
5409	1.050	0.600	10
3371	1.050	0.600	100
3096	1.050	0.600	110
2332	1.050	0.600	123
5579	1.050	0.600	130
5749	1.050	0.600	140
5919	1.050	0.600	150
5239	1.050	0.600	20
5069	1.050	0.600	30
4899	1.050	0.600	40
4729	1.050	0.600	50
4559	1.050	0.600	60
4379	1.050	0.600	70
4211	1.050	0.600	80
3539	1.050	0.600	90
5410	1.050	0.700	10
3372	1.050	0.700	100
3097	1.050	0.700	110
2333	1.050	0.700	123
5580	1.050	0.700	130
5750	1.050	0.700	140
5920	1.050	0.700	150
5240	1.050	0.700	20
5070	1.050	0.700	30
4900	1.050	0.700	40
4730	1.050	0.700	50
4560	1.050	0.700	60
4380	1.050	0.700	70
4212	1.050	0.700	80
3540	1.050	0.700	90
5411	1.050	0.800	10
3373	1.050	0.800	100
3098	1.050	0.800	110
2334	1.050	0.800	123
5581	1.050	0.800	130
5751	1.050	0.800	140
5921	1.050	0.800	150
5241	1.050	0.800	20
5071	1.050	0.800	30
4901	1.050	0.800	40
4731	1.050	0.800	50
4561	1.050	0.800	60
4381	1.050	0.800	70
4213	1.050	0.800	80
3541	1.050	0.800	90
5412	1.050	0.900	10
3374	1.050	0.900	100
3099	1.050	0.900	110
2335	1.050	0.900	123
5582	1.050	0.900	130
5752	1.050	0.900	140
5922	1.050	0.900	150
5242	1.050	0.900	20
5072	1.050	0.900	30
4902	1.050	0.900	40
4732	1.050	0.900	50
4562	1.050	0.900	60
4382	1.050	0.900	70
4214	1.050	0.900	80
3542	1.050	0.900	90
5413	1.150	0.000	10
3375	1.150	0.000	100
3034	1.150	0.000	110
2336	1.150	0.000	123
5583	1.150	0.000	130
5753	1.150	0.000	140
5923	1.150	0.000	150
5243	1.150	0.000	20
5073	1.150	0.000	30
4903	1.150	0.000	40
4733	1.150	0.000	50
4563	1.150	0.000	60
4383	1.150	0.000	70
4215	1.150	0.000	80
3543	1.150	0.000	90
5414	1.150	0.100	10
3376	1.150	0.100	100
3035	1.150	0.100	110
2337	1.150	0.100	123
5584	1.150	0.100	130
5754	1.150	0.100	140
5924	1.150	0.100	150
5244	1.150	0.100	20
5074	1.150	0.100	30
4904	1.150	0.100	40
4734	1.150	0.100	50
4564	1.150	0.100	60
4384	1.150	0.100	70
4216	1.150	0.100	80
3544	1.150	0.100	90
5415	1.150	0.200	10
3377	1.150	0.200	100
3036	1.150	0.200	110
2338	1.150	0.200	123
5585	1.150	0.200	130
5755	1.150	0.200	140
5925	1.150	0.200	150
5245	1.150	0.200	20
5075	1.150	0.200	30
4905	1.150	0.200	40
4735	1.150	0.200	50
4565	1.150	0.200	60
4385	1.150	0.200	70
4217	1.150	0.200	80
3545	1.150	0.200	90
5416	1.150	0.300	10
3378	1.150	0.300	100
3037	1.150	0.300	110
2339	1.150	0.300	123
5586	1.150	0.300	130
5756	1.150	0.300	140
5926	1.150	0.300	150
5246	1.150	0.300	20
5076	1.150	0.300	30
4906	1.150	0.300	40
4736	1.150	0.300	50
4566	1.150	0.300	60
4386	1.150	0.300	70
4218	1.150	0.300	80
3546	1.150	0.300	90
5417	1.150	0.400	10
3379	1.150	0.400	100
3038	1.150	0.400	110
2340	1.150	0.400	123
5587	1.150	0.400	130
5757	1.150	0.400	140
5927	1.150	0.400	150
5247	1.150	0.400	20
5077	1.150	0.400	30
4907	1.150	0.400	40
4737	1.150	0.400	50
4567	1.150	0.400	60
4387	1.150	0.400	70
4219	1.150	0.400	80
3547	1.150	0.400	90
5418	1.150	0.500	10
3380	1.150	0.500	100
3039	1.150	0.500	110
2341	1.150	0.500	123
5588	1.150	0.500	130
5758	1.150	0.500	140
5928	1.150	0.500	150
5248	1.150	0.500	20
5078	1.150	0.500	30
4908	1.150	0.500	40
4738	1.150	0.500	50
4568	1.150	0.500	60
4388	1.150	0.500	70
4220	1.150	0.500	80
3548	1.150	0.500	90
5419	1.150	0.600	10
3381	1.150	0.600	100
3040	1.150	0.600	110
2342	1.150	0.600	123
5589	1.150	0.600	130
5759	1.150	0.600	140
5929	1.150	0.600	150
5249	1.150	0.600	20
5079	1.150	0.600	30
4909	1.150	0.600	40
4739	1.150	0.600	50
4569	1.150	0.600	60
4389	1.150	0.600	70
4221	1.150	0.600	80
3549	1.150	0.600	90
5420	1.150	0.700	10
3382	1.150	0.700	100
3041	1.150	0.700	110
2343	1.150	0.700	123
5590	1.150	0.700	130
5760	1.150	0.700	140
5930	1.150	0.700	150
5250	1.150	0.700	20
5080	1.150	0.700	30
4910	1.150	0.700	40
4740	1.150	0.700	50
4570	1.150	0.700	60
4390	1.150	0.700	70
4222	1.150	0.700	80
3550	1.150	0.700	90
5421	1.150	0.800	10
3383	1.150	0.800	100
3042	1.150	0.800	110
2344	1.150	0.800	123
5591	1.150	0.800	130
5761	1.150	0.800	140
5931	1.150	0.800	150
5251	1.150	0.800	20
5081	1.150	0.800	30
4911	1.150	0.800	40
4741	1.150	0.800	50
4571	1.150	0.800	60
4391	1.150	0.800	70
4223	1.150	0.800	80
3551	1.150	0.800	90
5422	1.150	0.900	10
3384	1.150	0.900	100
3043	1.150	0.900	110
2345	1.150	0.900	123
5592	1.150	0.900	130
5762	1.150	0.900	140
5932	1.150	0.900	150
5252	1.150	0.900	20
5082	1.150	0.900	30
4912	1.150	0.900	40
4742	1.150	0.900	50
4572	1.150	0.900	60
4392	1.150	0.900	70
4224	1.150	0.900	80
3552	1.150	0.900	90
5423	1.250	0.000	10
3385	1.250	0.000	100
3044	1.250	0.000	110
2346	1.250	0.000	123
5593	1.250	0.000	130
5763	1.250	0.000	140
5933	1.250	0.000	150
5253	1.250	0.000	20
5083	1.250	0.000	30
4913	1.250	0.000	40
4743	1.250	0.000	50
4573	1.250	0.000	60
4393	1.250	0.000	70
4225	1.250	0.000	80
3553	1.250	0.000	90
5424	1.250	0.100	10
3386	1.250	0.100	100
3045	1.250	0.100	110
2347	1.250	0.100	123
5594	1.250	0.100	130
5764	1.250	0.100	140
5934	1.250	0.100	150
5254	1.250	0.100	20
5084	1.250	0.100	30
4914	1.250	0.100	40
4744	1.250	0.100	50
4574	1.250	0.100	60
4394	1.250	0.100	70
4226	1.250	0.100	80
3554	1.250	0.100	90
5425	1.250	0.200	10
3387	1.250	0.200	100
3046	1.250	0.200	110
2348	1.250	0.200	123
5595	1.250	0.200	130
5765	1.250	0.200	140
5935	1.250	0.200	150
5255	1.250	0.200	20
5085	1.250	0.200	30
4915	1.250	0.200	40
4745	1.250	0.200	50
4575	1.250	0.200	60
4395	1.250	0.200	70
4227	1.250	0.200	80
3555	1.250	0.200	90
5426	1.250	0.300	10
3388	1.250	0.300	100
3047	1.250	0.300	110
2349	1.250	0.300	123
5596	1.250	0.300	130
5766	1.250	0.300	140
5936	1.250	0.300	150
5256	1.250	0.300	20
5086	1.250	0.300	30
4916	1.250	0.300	40
4746	1.250	0.300	50
4576	1.250	0.300	60
4396	1.250	0.300	70
4228	1.250	0.300	80
3556	1.250	0.300	90
5427	1.250	0.400	10
3389	1.250	0.400	100
3048	1.250	0.400	110
2350	1.250	0.400	123
5597	1.250	0.400	130
5767	1.250	0.400	140
5937	1.250	0.400	150
5257	1.250	0.400	20
5087	1.250	0.400	30
4917	1.250	0.400	40
4747	1.250	0.400	50
4577	1.250	0.400	60
4397	1.250	0.400	70
4229	1.250	0.400	80
3557	1.250	0.400	90
5428	1.250	0.500	10
3390	1.250	0.500	100
3049	1.250	0.500	110
2351	1.250	0.500	123
5598	1.250	0.500	130
5768	1.250	0.500	140
5938	1.250	0.500	150
5258	1.250	0.500	20
5088	1.250	0.500	30
4918	1.250	0.500	40
4748	1.250	0.500	50
4578	1.250	0.500	60
4398	1.250	0.500	70
4230	1.250	0.500	80
3558	1.250	0.500	90
5429	1.250	0.600	10
3391	1.250	0.600	100
3050	1.250	0.600	110
2352	1.250	0.600	123
5599	1.250	0.600	130
5769	1.250	0.600	140
5939	1.250	0.600	150
5259	1.250	0.600	20
5089	1.250	0.600	30
4919	1.250	0.600	40
4749	1.250	0.600	50
4579	1.250	0.600	60
4399	1.250	0.600	70
4231	1.250	0.600	80
3559	1.250	0.600	90
5430	1.250	0.700	10
3392	1.250	0.700	100
3051	1.250	0.700	110
2353	1.250	0.700	123
5600	1.250	0.700	130
5770	1.250	0.700	140
5940	1.250	0.700	150
5260	1.250	0.700	20
5090	1.250	0.700	30
4920	1.250	0.700	40
4750	1.250	0.700	50
4580	1.250	0.700	60
4400	1.250	0.700	70
4232	1.250	0.700	80
3560	1.250	0.700	90
5431	1.250	0.800	10
3393	1.250	0.800	100
3052	1.250	0.800	110
2354	1.250	0.800	123
5601	1.250	0.800	130
5771	1.250	0.800	140
5941	1.250	0.800	150
5261	1.250	0.800	20
5091	1.250	0.800	30
4921	1.250	0.800	40
4751	1.250	0.800	50
4581	1.250	0.800	60
4401	1.250	0.800	70
4233	1.250	0.800	80
3561	1.250	0.800	90
5432	1.250	0.900	10
3394	1.250	0.900	100
3053	1.250	0.900	110
2355	1.250	0.900	123
5602	1.250	0.900	130
5772	1.250	0.900	140
5942	1.250	0.900	150
5262	1.250	0.900	20
5092	1.250	0.900	30
4922	1.250	0.900	40
4752	1.250	0.900	50
4582	1.250	0.900	60
4402	1.250	0.900	70
4234	1.250	0.900	80
3562	1.250	0.900	90
5433	1.350	0.000	10
3395	1.350	0.000	100
3054	1.350	0.000	110
2356	1.350	0.000	123
5603	1.350	0.000	130
5773	1.350	0.000	140
5943	1.350	0.000	150
5263	1.350	0.000	20
5093	1.350	0.000	30
4923	1.350	0.000	40
4753	1.350	0.000	50
4583	1.350	0.000	60
4403	1.350	0.000	70
4235	1.350	0.000	80
3563	1.350	0.000	90
5434	1.350	0.100	10
3396	1.350	0.100	100
3055	1.350	0.100	110
2357	1.350	0.100	123
5604	1.350	0.100	130
5774	1.350	0.100	140
5944	1.350	0.100	150
5264	1.350	0.100	20
5094	1.350	0.100	30
4924	1.350	0.100	40
4754	1.350	0.100	50
4584	1.350	0.100	60
4404	1.350	0.100	70
4236	1.350	0.100	80
3564	1.350	0.100	90
5435	1.350	0.200	10
3397	1.350	0.200	100
3056	1.350	0.200	110
2358	1.350	0.200	123
5605	1.350	0.200	130
5775	1.350	0.200	140
5945	1.350	0.200	150
5265	1.350	0.200	20
5095	1.350	0.200	30
4925	1.350	0.200	40
4755	1.350	0.200	50
4585	1.350	0.200	60
4405	1.350	0.200	70
4237	1.350	0.200	80
3565	1.350	0.200	90
5436	1.350	0.300	10
3398	1.350	0.300	100
3057	1.350	0.300	110
2359	1.350	0.300	123
5606	1.350	0.300	130
5776	1.350	0.300	140
5946	1.350	0.300	150
5266	1.350	0.300	20
5096	1.350	0.300	30
4926	1.350	0.300	40
4756	1.350	0.300	50
4586	1.350	0.300	60
4406	1.350	0.300	70
4238	1.350	0.300	80
3566	1.350	0.300	90
5437	1.350	0.400	10
3399	1.350	0.400	100
3058	1.350	0.400	110
2360	1.350	0.400	123
5607	1.350	0.400	130
5777	1.350	0.400	140
5947	1.350	0.400	150
5267	1.350	0.400	20
5097	1.350	0.400	30
4927	1.350	0.400	40
4757	1.350	0.400	50
4587	1.350	0.400	60
4407	1.350	0.400	70
4239	1.350	0.400	80
3567	1.350	0.400	90
5438	1.350	0.500	10
3400	1.350	0.500	100
3059	1.350	0.500	110
2361	1.350	0.500	123
5608	1.350	0.500	130
5778	1.350	0.500	140
5948	1.350	0.500	150
5268	1.350	0.500	20
5098	1.350	0.500	30
4928	1.350	0.500	40
4758	1.350	0.500	50
4588	1.350	0.500	60
4408	1.350	0.500	70
4240	1.350	0.500	80
3568	1.350	0.500	90
5439	1.350	0.600	10
3401	1.350	0.600	100
3060	1.350	0.600	110
2362	1.350	0.600	123
5609	1.350	0.600	130
5779	1.350	0.600	140
5949	1.350	0.600	150
5269	1.350	0.600	20
5099	1.350	0.600	30
4929	1.350	0.600	40
4759	1.350	0.600	50
4589	1.350	0.600	60
4409	1.350	0.600	70
4241	1.350	0.600	80
3569	1.350	0.600	90
5440	1.350	0.700	10
3402	1.350	0.700	100
3061	1.350	0.700	110
2363	1.350	0.700	123
5610	1.350	0.700	130
5780	1.350	0.700	140
5950	1.350	0.700	150
5270	1.350	0.700	20
5100	1.350	0.700	30
4930	1.350	0.700	40
4760	1.350	0.700	50
4590	1.350	0.700	60
4410	1.350	0.700	70
4242	1.350	0.700	80
3570	1.350	0.700	90
5441	1.350	0.800	10
3403	1.350	0.800	100
3062	1.350	0.800	110
2364	1.350	0.800	123
5611	1.350	0.800	130
5781	1.350	0.800	140
5951	1.350	0.800	150
5271	1.350	0.800	20
5101	1.350	0.800	30
4931	1.350	0.800	40
4761	1.350	0.800	50
4591	1.350	0.800	60
4411	1.350	0.800	70
4243	1.350	0.800	80
3571	1.350	0.800	90
5442	1.350	0.900	10
3404	1.350	0.900	100
3063	1.350	0.900	110
2365	1.350	0.900	123
5612	1.350	0.900	130
5782	1.350	0.900	140
5952	1.350	0.900	150
5272	1.350	0.900	20
5102	1.350	0.900	30
4932	1.350	0.900	40
4762	1.350	0.900	50
4592	1.350	0.900	60
4412	1.350	0.900	70
4244	1.350	0.900	80
3572	1.350	0.900	90
5443	1.450	0.000	10
3405	1.450	0.000	100
3064	1.450	0.000	110
2366	1.450	0.000	123
5613	1.450	0.000	130
5783	1.450	0.000	140
5953	1.450	0.000	150
5273	1.450	0.000	20
5103	1.450	0.000	30
4933	1.450	0.000	40
4763	1.450	0.000	50
4593	1.450	0.000	60
4413	1.450	0.000	70
4245	1.450	0.000	80
3573	1.450	0.000	90
5444	1.450	0.100	10
3406	1.450	0.100	100
3065	1.450	0.100	110
2367	1.450	0.100	123
5614	1.450	0.100	130
5784	1.450	0.100	140
5954	1.450	0.100	150
5274	1.450	0.100	20
5104	1.450	0.100	30
4934	1.450	0.100	40
4764	1.450	0.100	50
4594	1.450	0.100	60
4414	1.450	0.100	70
4246	1.450	0.100	80
3574	1.450	0.100	90
5445	1.450	0.200	10
3407	1.450	0.200	100
3066	1.450	0.200	110
2368	1.450	0.200	123
5615	1.450	0.200	130
5785	1.450	0.200	140
5955	1.450	0.200	150
5275	1.450	0.200	20
5105	1.450	0.200	30
4935	1.450	0.200	40
4765	1.450	0.200	50
4595	1.450	0.200	60
4415	1.450	0.200	70
4247	1.450	0.200	80
3575	1.450	0.200	90
5446	1.450	0.300	10
3408	1.450	0.300	100
3067	1.450	0.300	110
2369	1.450	0.300	123
5616	1.450	0.300	130
5786	1.450	0.300	140
5956	1.450	0.300	150
5276	1.450	0.300	20
5106	1.450	0.300	30
4936	1.450	0.300	40
4766	1.450	0.300	50
4596	1.450	0.300	60
4416	1.450	0.300	70
4248	1.450	0.300	80
3576	1.450	0.300	90
5447	1.450	0.400	10
3409	1.450	0.400	100
3068	1.450	0.400	110
2370	1.450	0.400	123
5617	1.450	0.400	130
5787	1.450	0.400	140
5957	1.450	0.400	150
5277	1.450	0.400	20
5107	1.450	0.400	30
4937	1.450	0.400	40
4767	1.450	0.400	50
4597	1.450	0.400	60
4417	1.450	0.400	70
4249	1.450	0.400	80
3577	1.450	0.400	90
5448	1.450	0.500	10
3410	1.450	0.500	100
3069	1.450	0.500	110
2371	1.450	0.500	123
5618	1.450	0.500	130
5788	1.450	0.500	140
5958	1.450	0.500	150
5278	1.450	0.500	20
5108	1.450	0.500	30
4938	1.450	0.500	40
4768	1.450	0.500	50
4598	1.450	0.500	60
4418	1.450	0.500	70
4250	1.450	0.500	80
3578	1.450	0.500	90
5449	1.450	0.600	10
3411	1.450	0.600	100
3070	1.450	0.600	110
2372	1.450	0.600	123
5619	1.450	0.600	130
5789	1.450	0.600	140
5959	1.450	0.600	150
5279	1.450	0.600	20
5109	1.450	0.600	30
4939	1.450	0.600	40
4769	1.450	0.600	50
4599	1.450	0.600	60
4419	1.450	0.600	70
4251	1.450	0.600	80
3579	1.450	0.600	90
5450	1.450	0.700	10
3412	1.450	0.700	100
3071	1.450	0.700	110
2373	1.450	0.700	123
5620	1.450	0.700	130
5790	1.450	0.700	140
5960	1.450	0.700	150
5280	1.450	0.700	20
5110	1.450	0.700	30
4940	1.450	0.700	40
4770	1.450	0.700	50
4600	1.450	0.700	60
4420	1.450	0.700	70
4252	1.450	0.700	80
3580	1.450	0.700	90
5451	1.450	0.800	10
3413	1.450	0.800	100
3072	1.450	0.800	110
2374	1.450	0.800	123
5621	1.450	0.800	130
5791	1.450	0.800	140
5961	1.450	0.800	150
5281	1.450	0.800	20
5111	1.450	0.800	30
4941	1.450	0.800	40
4771	1.450	0.800	50
4601	1.450	0.800	60
4421	1.450	0.800	70
4253	1.450	0.800	80
3581	1.450	0.800	90
5452	1.450	0.900	10
3414	1.450	0.900	100
3073	1.450	0.900	110
2375	1.450	0.900	123
5622	1.450	0.900	130
5792	1.450	0.900	140
5962	1.450	0.900	150
5282	1.450	0.900	20
5112	1.450	0.900	30
4942	1.450	0.900	40
4772	1.450	0.900	50
4602	1.450	0.900	60
4422	1.450	0.900	70
4254	1.450	0.900	80
3582	1.450	0.900	90
5453	1.550	0.000	10
3415	1.550	0.000	100
3074	1.550	0.000	110
2376	1.550	0.000	123
5623	1.550	0.000	130
5793	1.550	0.000	140
5963	1.550	0.000	150
5283	1.550	0.000	20
5113	1.550	0.000	30
4943	1.550	0.000	40
4773	1.550	0.000	50
4603	1.550	0.000	60
4423	1.550	0.000	70
4255	1.550	0.000	80
3583	1.550	0.000	90
5454	1.550	0.100	10
3416	1.550	0.100	100
3075	1.550	0.100	110
2377	1.550	0.100	123
5624	1.550	0.100	130
5794	1.550	0.100	140
5964	1.550	0.100	150
5284	1.550	0.100	20
5114	1.550	0.100	30
4944	1.550	0.100	40
4774	1.550	0.100	50
4604	1.550	0.100	60
4424	1.550	0.100	70
4256	1.550	0.100	80
3584	1.550	0.100	90
5455	1.550	0.200	10
3417	1.550	0.200	100
3076	1.550	0.200	110
2378	1.550	0.200	123
5625	1.550	0.200	130
5795	1.550	0.200	140
5965	1.550	0.200	150
5285	1.550	0.200	20
5115	1.550	0.200	30
4945	1.550	0.200	40
4775	1.550	0.200	50
4605	1.550	0.200	60
4425	1.550	0.200	70
4257	1.550	0.200	80
3585	1.550	0.200	90
5456	1.550	0.300	10
3418	1.550	0.300	100
3077	1.550	0.300	110
2379	1.550	0.300	123
5626	1.550	0.300	130
5796	1.550	0.300	140
5966	1.550	0.300	150
5286	1.550	0.300	20
5116	1.550	0.300	30
4946	1.550	0.300	40
4776	1.550	0.300	50
4606	1.550	0.300	60
4426	1.550	0.300	70
4258	1.550	0.300	80
3586	1.550	0.300	90
5457	1.550	0.400	10
3419	1.550	0.400	100
3078	1.550	0.400	110
2380	1.550	0.400	123
5627	1.550	0.400	130
5797	1.550	0.400	140
5967	1.550	0.400	150
5287	1.550	0.400	20
5117	1.550	0.400	30
4947	1.550	0.400	40
4777	1.550	0.400	50
4607	1.550	0.400	60
4427	1.550	0.400	70
4259	1.550	0.400	80
3587	1.550	0.400	90
5458	1.550	0.500	10
3420	1.550	0.500	100
3079	1.550	0.500	110
2381	1.550	0.500	123
5628	1.550	0.500	130
5798	1.550	0.500	140
5968	1.550	0.500	150
5288	1.550	0.500	20
5118	1.550	0.500	30
4948	1.550	0.500	40
4778	1.550	0.500	50
4608	1.550	0.500	60
4428	1.550	0.500	70
4260	1.550	0.500	80
3588	1.550	0.500	90
5459	1.550	0.600	10
3421	1.550	0.600	100
3080	1.550	0.600	110
2382	1.550	0.600	123
5629	1.550	0.600	130
5799	1.550	0.600	140
5969	1.550	0.600	150
5289	1.550	0.600	20
5119	1.550	0.600	30
4949	1.550	0.600	40
4779	1.550	0.600	50
4609	1.550	0.600	60
4429	1.550	0.600	70
4261	1.550	0.600	80
3589	1.550	0.600	90
5460	1.550	0.700	10
3422	1.550	0.700	100
3081	1.550	0.700	110
2383	1.550	0.700	123
5630	1.550	0.700	130
5800	1.550	0.700	140
5970	1.550	0.700	150
5290	1.550	0.700	20
5120	1.550	0.700	30
4950	1.550	0.700	40
4780	1.550	0.700	50
4610	1.550	0.700	60
4443	1.550	0.700	70
4262	1.550	0.700	80
3590	1.550	0.700	90
5461	1.550	0.800	10
3423	1.550	0.800	100
3082	1.550	0.800	110
2384	1.550	0.800	123
5631	1.550	0.800	130
5801	1.550	0.800	140
5971	1.550	0.800	150
5291	1.550	0.800	20
5121	1.550	0.800	30
4951	1.550	0.800	40
4781	1.550	0.800	50
4611	1.550	0.800	60
4444	1.550	0.800	70
4263	1.550	0.800	80
3591	1.550	0.800	90
5462	1.550	0.900	10
3424	1.550	0.900	100
3083	1.550	0.900	110
2385	1.550	0.900	123
5632	1.550	0.900	130
5802	1.550	0.900	140
5972	1.550	0.900	150
5292	1.550	0.900	20
5122	1.550	0.900	30
4952	1.550	0.900	40
4782	1.550	0.900	50
4612	1.550	0.900	60
4445	1.550	0.900	70
4264	1.550	0.900	80
3592	1.550	0.900	90
5463	1.650	0.000	10
3425	1.650	0.000	100
3084	1.650	0.000	110
2386	1.650	0.000	123
5633	1.650	0.000	130
5803	1.650	0.000	140
5973	1.650	0.000	150
5293	1.650	0.000	20
5123	1.650	0.000	30
4953	1.650	0.000	40
4783	1.650	0.000	50
4613	1.650	0.000	60
4446	1.650	0.000	70
4265	1.650	0.000	80
3593	1.650	0.000	90
5464	1.650	0.100	10
3426	1.650	0.100	100
3085	1.650	0.100	110
2387	1.650	0.100	123
5634	1.650	0.100	130
5804	1.650	0.100	140
5974	1.650	0.100	150
5294	1.650	0.100	20
5124	1.650	0.100	30
4954	1.650	0.100	40
4784	1.650	0.100	50
4614	1.650	0.100	60
4447	1.650	0.100	70
4266	1.650	0.100	80
3594	1.650	0.100	90
5465	1.650	0.200	10
3427	1.650	0.200	100
3086	1.650	0.200	110
2388	1.650	0.200	123
5635	1.650	0.200	130
5805	1.650	0.200	140
5975	1.650	0.200	150
5295	1.650	0.200	20
5125	1.650	0.200	30
4955	1.650	0.200	40
4785	1.650	0.200	50
4615	1.650	0.200	60
4448	1.650	0.200	70
4267	1.650	0.200	80
3595	1.650	0.200	90
5466	1.650	0.300	10
3428	1.650	0.300	100
3087	1.650	0.300	110
2389	1.650	0.300	123
5636	1.650	0.300	130
5806	1.650	0.300	140
5976	1.650	0.300	150
5296	1.650	0.300	20
5126	1.650	0.300	30
4956	1.650	0.300	40
4786	1.650	0.300	50
4616	1.650	0.300	60
4449	1.650	0.300	70
4268	1.650	0.300	80
3596	1.650	0.300	90
5467	1.650	0.400	10
3429	1.650	0.400	100
3088	1.650	0.400	110
2390	1.650	0.400	123
5637	1.650	0.400	130
5807	1.650	0.400	140
5977	1.650	0.400	150
5297	1.650	0.400	20
5127	1.650	0.400	30
4957	1.650	0.400	40
4787	1.650	0.400	50
4617	1.650	0.400	60
4450	1.650	0.400	70
4269	1.650	0.400	80
3597	1.650	0.400	90
5468	1.650	0.500	10
3430	1.650	0.500	100
3089	1.650	0.500	110
2391	1.650	0.500	123
5638	1.650	0.500	130
5808	1.650	0.500	140
5978	1.650	0.500	150
5298	1.650	0.500	20
5128	1.650	0.500	30
4958	1.650	0.500	40
4788	1.650	0.500	50
4618	1.650	0.500	60
4451	1.650	0.500	70
4270	1.650	0.500	80
3598	1.650	0.500	90
5469	1.650	0.600	10
2732	1.650	0.600	100
3090	1.650	0.600	110
2392	1.650	0.600	123
5639	1.650	0.600	130
5809	1.650	0.600	140
5979	1.650	0.600	150
5299	1.650	0.600	20
5129	1.650	0.600	30
4959	1.650	0.600	40
4789	1.650	0.600	50
4619	1.650	0.600	60
4452	1.650	0.600	70
3769	1.650	0.600	80
3599	1.650	0.600	90
5470	1.650	0.700	10
2733	1.650	0.700	100
3091	1.650	0.700	110
2393	1.650	0.700	123
5640	1.650	0.700	130
5810	1.650	0.700	140
5980	1.650	0.700	150
5300	1.650	0.700	20
5130	1.650	0.700	30
4960	1.650	0.700	40
4790	1.650	0.700	50
4620	1.650	0.700	60
4440	1.650	0.700	70
3770	1.650	0.700	80
3600	1.650	0.700	90
5471	1.650	0.800	10
3431	1.650	0.800	100
3092	1.650	0.800	110
2394	1.650	0.800	123
5641	1.650	0.800	130
5811	1.650	0.800	140
5981	1.650	0.800	150
5301	1.650	0.800	20
5131	1.650	0.800	30
4961	1.650	0.800	40
4791	1.650	0.800	50
4621	1.650	0.800	60
4441	1.650	0.800	70
4271	1.650	0.800	80
3601	1.650	0.800	90
5472	1.650	0.900	10
3432	1.650	0.900	100
3093	1.650	0.900	110
2395	1.650	0.900	123
5642	1.650	0.900	130
5812	1.650	0.900	140
5982	1.650	0.900	150
5302	1.650	0.900	20
5132	1.650	0.900	30
4962	1.650	0.900	40
4792	1.650	0.900	50
4622	1.650	0.900	60
4442	1.650	0.900	70
4272	1.650	0.900	80
3602	1.650	0.900	90
