30691	0.400	0.400	0.900
30690	0.400	0.400	0.800
30689	0.400	0.400	0.700
30688	0.400	0.400	0.600
30687	0.400	0.400	0.500
30686	0.400	0.400	0.400
30685	0.400	0.400	0.300
30684	0.400	0.400	0.200
30683	0.400	0.400	0.100
30682	0.400	0.400	0.000
8585	0.050	0.100	0.200
8079	0.150	0.400	0.500
8078	0.150	0.300	0.500
8077	0.150	0.200	0.500
8076	0.150	0.100	0.500
8075	0.150	0.000	0.500
8074	0.050	0.000	0.500
12727	0.350	0.250	0.300
8584	0.050	0.000	0.200
7937	0.050	0.300	0.300
7936	0.050	0.200	0.300
7935	0.050	0.100	0.300
7934	0.050	0.000	0.300
8184	1.150	0.900	0.500
8174	1.050	0.900	0.500
8173	1.050	0.800	0.500
8164	0.950	0.900	0.500
8163	0.950	0.800	0.500
8162	0.950	0.700	0.500
8154	0.850	0.900	0.500
8153	0.850	0.800	0.500
8152	0.850	0.700	0.500
8151	0.850	0.600	0.500
8144	0.750	0.900	0.500
8143	0.750	0.800	0.500
8142	0.750	0.700	0.500
8141	0.750	0.600	0.500
8140	0.750	0.500	0.500
8134	0.650	0.900	0.500
8133	0.650	0.800	0.500
8132	0.650	0.700	0.500
7827	0.650	0.400	0.300
8131	0.650	0.600	0.500
8130	0.650	0.500	0.500
8129	0.650	0.400	0.500
7818	0.550	0.500	0.300
7817	0.550	0.400	0.300
8123	0.550	0.800	0.500
8122	0.550	0.700	0.500
8121	0.550	0.600	0.500
8120	0.550	0.500	0.500
8119	0.550	0.400	0.500
8118	0.550	0.300	0.500
7809	0.450	0.600	0.300
7808	0.450	0.500	0.300
8112	0.450	0.700	0.500
8111	0.450	0.600	0.500
7799	0.350	0.600	0.300
8110	0.450	0.500	0.500
8109	0.450	0.400	0.500
8108	0.450	0.300	0.500
8107	0.450	0.200	0.500
8101	0.350	0.600	0.500
8100	0.350	0.500	0.500
8099	0.350	0.400	0.500
8098	0.350	0.300	0.500
8097	0.350	0.200	0.500
8096	0.350	0.100	0.500
8090	0.250	0.500	0.500
8089	0.250	0.400	0.500
8088	0.250	0.300	0.500
8087	0.250	0.200	0.500
7073	0.050	0.000	0.600
7074	0.050	0.100	0.600
7075	0.050	0.200	0.600
7076	0.050	0.300	0.600
7083	0.150	0.000	0.600
7084	0.150	0.100	0.600
7085	0.150	0.200	0.600
7086	0.150	0.300	0.600
7087	0.150	0.400	0.600
7093	0.250	0.000	0.600
7094	0.250	0.100	0.600
7095	0.250	0.200	0.600
7096	0.250	0.300	0.600
7097	0.250	0.400	0.600
7098	0.250	0.500	0.600
8086	0.250	0.100	0.500
8085	0.250	0.000	0.500
7104	0.350	0.100	0.600
7105	0.350	0.200	0.600
7106	0.350	0.300	0.600
7107	0.350	0.400	0.600
7108	0.350	0.500	0.600
7115	0.450	0.200	0.600
7116	0.450	0.300	0.600
7117	0.450	0.400	0.600
8071	0.650	0.800	0.300
7120	0.450	0.700	0.600
7126	0.550	0.300	0.600
8070	0.550	0.800	0.300
8069	0.450	0.700	0.300
7129	0.550	0.600	0.600
7130	0.550	0.700	0.600
7131	0.550	0.800	0.600
8068	0.450	0.400	0.300
7138	0.650	0.500	0.600
7139	0.650	0.600	0.600
7140	0.650	0.700	0.600
7141	0.650	0.800	0.600
7142	0.650	0.900	0.600
7148	0.750	0.500	0.600
7149	0.750	0.600	0.600
7150	0.750	0.700	0.600
7151	0.750	0.800	0.600
7152	0.750	0.900	0.600
7159	0.850	0.600	0.600
7160	0.850	0.700	0.600
7161	0.850	0.800	0.600
7162	0.850	0.900	0.600
7170	0.950	0.700	0.600
7171	0.950	0.800	0.600
7172	0.950	0.900	0.600
7181	1.050	0.800	0.600
7182	1.050	0.900	0.600
8067	0.150	0.000	0.300
7192	1.150	0.900	0.600
7413	0.050	0.000	0.800
7532	1.150	0.900	0.800
7522	1.050	0.900	0.800
7521	1.050	0.800	0.800
7512	0.950	0.900	0.800
7511	0.950	0.800	0.800
7510	0.950	0.700	0.800
7502	0.850	0.900	0.800
7501	0.850	0.800	0.800
7500	0.850	0.700	0.800
7499	0.850	0.600	0.800
7492	0.750	0.900	0.800
7491	0.750	0.800	0.800
7490	0.750	0.700	0.800
7489	0.750	0.600	0.800
7488	0.750	0.500	0.800
7482	0.650	0.900	0.800
7481	0.650	0.800	0.800
7480	0.650	0.700	0.800
7479	0.650	0.600	0.800
7478	0.650	0.500	0.800
7477	0.650	0.400	0.800
7471	0.550	0.800	0.800
7470	0.550	0.700	0.800
7469	0.550	0.600	0.800
7468	0.550	0.500	0.800
7467	0.550	0.400	0.800
7466	0.550	0.300	0.800
7460	0.450	0.700	0.800
7459	0.450	0.600	0.800
7458	0.450	0.500	0.800
7457	0.450	0.400	0.800
7456	0.450	0.300	0.800
7455	0.450	0.200	0.800
7449	0.350	0.600	0.800
7448	0.350	0.500	0.800
7447	0.350	0.400	0.800
7446	0.350	0.300	0.800
7445	0.350	0.200	0.800
7444	0.350	0.100	0.800
7438	0.250	0.500	0.800
7437	0.250	0.400	0.800
7436	0.250	0.300	0.800
7435	0.250	0.200	0.800
7434	0.250	0.100	0.800
7433	0.250	0.000	0.800
7427	0.150	0.400	0.800
7426	0.150	0.300	0.800
7425	0.150	0.200	0.800
7424	0.150	0.100	0.800
7423	0.150	0.000	0.800
7416	0.050	0.300	0.800
7415	0.050	0.200	0.800
7414	0.050	0.100	0.800
7755	0.350	0.600	0.600
7757	0.450	0.500	0.600
7758	0.450	0.600	0.600
7759	0.550	0.400	0.600
7760	0.550	0.500	0.600
7761	0.650	0.400	0.600
7945	0.150	0.100	0.300
7946	0.150	0.200	0.300
7947	0.150	0.300	0.300
7948	0.150	0.400	0.300
7954	0.250	0.000	0.300
7955	0.250	0.100	0.300
7956	0.250	0.200	0.300
7957	0.250	0.300	0.300
7958	0.250	0.400	0.300
7959	0.250	0.500	0.300
7963	0.350	0.100	0.300
7964	0.350	0.200	0.300
7965	0.350	0.300	0.300
7966	0.350	0.400	0.300
7967	0.350	0.500	0.300
7972	0.450	0.200	0.300
7973	0.450	0.300	0.300
12731	0.350	0.250	0.700
12730	0.350	0.250	0.600
7981	0.550	0.300	0.300
7982	0.550	0.600	0.300
7983	0.550	0.700	0.300
12729	0.350	0.250	0.500
7989	0.650	0.500	0.300
7990	0.650	0.600	0.300
7991	0.650	0.700	0.300
12728	0.350	0.250	0.400
7993	0.650	0.900	0.300
7997	0.750	0.500	0.300
7998	0.750	0.600	0.300
7999	0.750	0.700	0.300
8000	0.750	0.800	0.300
8001	0.750	0.900	0.300
8007	0.950	0.700	0.300
8008	0.950	0.800	0.300
8009	0.950	0.900	0.300
8016	1.050	0.800	0.300
8017	1.050	0.900	0.300
8047	1.150	0.900	0.300
8051	0.850	0.600	0.300
8052	0.850	0.700	0.300
8053	0.850	0.800	0.300
8054	0.850	0.900	0.300
8235	0.050	0.100	0.500
8236	0.050	0.200	0.500
8237	0.050	0.300	0.500
8244	0.050	0.000	0.900
8245	0.050	0.100	0.900
8246	0.050	0.200	0.900
8247	0.050	0.300	0.900
8254	0.150	0.000	0.900
8255	0.150	0.100	0.900
8256	0.150	0.200	0.900
8257	0.150	0.300	0.900
8258	0.150	0.400	0.900
8264	0.250	0.000	0.900
8265	0.250	0.100	0.900
8266	0.250	0.200	0.900
8267	0.250	0.300	0.900
8268	0.250	0.400	0.900
8269	0.250	0.500	0.900
8275	0.350	0.100	0.900
8276	0.350	0.200	0.900
8277	0.350	0.300	0.900
8278	0.350	0.400	0.900
8279	0.350	0.500	0.900
8280	0.350	0.600	0.900
8286	0.450	0.200	0.900
8287	0.450	0.300	0.900
8288	0.450	0.400	0.900
8289	0.450	0.500	0.900
8290	0.450	0.600	0.900
8291	0.450	0.700	0.900
8297	0.550	0.300	0.900
8298	0.550	0.400	0.900
8299	0.550	0.500	0.900
8300	0.550	0.600	0.900
8301	0.550	0.700	0.900
8302	0.550	0.800	0.900
8308	0.650	0.400	0.900
8309	0.650	0.500	0.900
8310	0.650	0.600	0.900
8311	0.650	0.700	0.900
8312	0.650	0.800	0.900
8313	0.650	0.900	0.900
8319	0.750	0.500	0.900
8320	0.750	0.600	0.900
8321	0.750	0.700	0.900
8322	0.750	0.800	0.900
8323	0.750	0.900	0.900
8330	0.850	0.600	0.900
8331	0.850	0.700	0.900
8332	0.850	0.800	0.900
8333	0.850	0.900	0.900
8341	0.950	0.700	0.900
8342	0.950	0.800	0.900
8343	0.950	0.900	0.900
8352	1.050	0.800	0.900
8353	1.050	0.900	0.900
8363	1.150	0.900	0.900
8414	0.050	0.000	0.700
8415	0.050	0.100	0.700
8416	0.050	0.200	0.700
8417	0.050	0.300	0.700
8424	0.150	0.000	0.700
8425	0.150	0.100	0.700
8426	0.150	0.200	0.700
8427	0.150	0.300	0.700
8428	0.150	0.400	0.700
8434	0.250	0.000	0.700
8435	0.250	0.100	0.700
8436	0.250	0.200	0.700
8437	0.250	0.300	0.700
8438	0.250	0.400	0.700
8439	0.250	0.500	0.700
8445	0.350	0.100	0.700
8446	0.350	0.200	0.700
8447	0.350	0.300	0.700
8448	0.350	0.400	0.700
8449	0.350	0.500	0.700
8450	0.350	0.600	0.700
8456	0.450	0.200	0.700
8457	0.450	0.300	0.700
8458	0.450	0.400	0.700
8459	0.450	0.500	0.700
8460	0.450	0.600	0.700
8461	0.450	0.700	0.700
8467	0.550	0.300	0.700
8468	0.550	0.400	0.700
8469	0.550	0.500	0.700
8470	0.550	0.600	0.700
8471	0.550	0.700	0.700
8472	0.550	0.800	0.700
8478	0.650	0.400	0.700
8479	0.650	0.500	0.700
8480	0.650	0.600	0.700
8481	0.650	0.700	0.700
8482	0.650	0.800	0.700
8483	0.650	0.900	0.700
8489	0.750	0.500	0.700
8490	0.750	0.600	0.700
8491	0.750	0.700	0.700
8492	0.750	0.800	0.700
8493	0.750	0.900	0.700
8500	0.850	0.600	0.700
8501	0.850	0.700	0.700
8502	0.850	0.800	0.700
8503	0.850	0.900	0.700
8511	0.950	0.700	0.700
8512	0.950	0.800	0.700
8513	0.950	0.900	0.700
8522	1.050	0.800	0.700
8523	1.050	0.900	0.700
8533	1.150	0.900	0.700
8586	0.050	0.200	0.200
8587	0.050	0.300	0.200
8594	0.150	0.000	0.200
8595	0.150	0.100	0.200
8596	0.150	0.200	0.200
8597	0.150	0.300	0.200
8598	0.150	0.400	0.200
8604	0.250	0.000	0.200
8605	0.250	0.100	0.200
8606	0.250	0.200	0.200
8607	0.250	0.300	0.200
8608	0.250	0.400	0.200
8609	0.250	0.500	0.200
8615	0.350	0.100	0.200
8616	0.350	0.200	0.200
8617	0.350	0.300	0.200
8618	0.350	0.400	0.200
8619	0.350	0.500	0.200
8620	0.350	0.600	0.200
8626	0.450	0.200	0.200
8627	0.450	0.300	0.200
8628	0.450	0.400	0.200
8629	0.450	0.500	0.200
8630	0.450	0.600	0.200
8631	0.450	0.700	0.200
8637	0.550	0.300	0.200
8638	0.550	0.400	0.200
8639	0.550	0.500	0.200
8640	0.550	0.600	0.200
8641	0.550	0.700	0.200
8642	0.550	0.800	0.200
8648	0.650	0.400	0.200
8649	0.650	0.500	0.200
8650	0.650	0.600	0.200
8651	0.650	0.700	0.200
8652	0.650	0.800	0.200
8653	0.650	0.900	0.200
8659	0.750	0.500	0.200
8660	0.750	0.600	0.200
8661	0.750	0.700	0.200
8662	0.750	0.800	0.200
8663	0.750	0.900	0.200
8670	0.850	0.600	0.200
8671	0.850	0.700	0.200
8672	0.850	0.800	0.200
8673	0.850	0.900	0.200
8681	0.950	0.700	0.200
8682	0.950	0.800	0.200
8683	0.950	0.900	0.200
8692	1.050	0.800	0.200
8693	1.050	0.900	0.200
8703	1.150	0.900	0.200
8754	0.050	0.000	0.400
8755	0.050	0.100	0.400
8756	0.050	0.200	0.400
8757	0.050	0.300	0.400
8764	0.150	0.000	0.400
8765	0.150	0.100	0.400
8766	0.150	0.200	0.400
8767	0.150	0.300	0.400
8768	0.150	0.400	0.400
8774	0.250	0.000	0.400
8775	0.250	0.100	0.400
8776	0.250	0.200	0.400
8777	0.250	0.300	0.400
8778	0.250	0.400	0.400
8779	0.250	0.500	0.400
8785	0.350	0.100	0.400
8786	0.350	0.200	0.400
8787	0.350	0.300	0.400
8788	0.350	0.400	0.400
8789	0.350	0.500	0.400
8790	0.350	0.600	0.400
8796	0.450	0.200	0.400
8797	0.450	0.300	0.400
8798	0.450	0.400	0.400
8799	0.450	0.500	0.400
8800	0.450	0.600	0.400
8801	0.450	0.700	0.400
8807	0.550	0.300	0.400
8808	0.550	0.400	0.400
8809	0.550	0.500	0.400
8810	0.550	0.600	0.400
8811	0.550	0.700	0.400
8812	0.550	0.800	0.400
8818	0.650	0.400	0.400
8819	0.650	0.500	0.400
8820	0.650	0.600	0.400
8821	0.650	0.700	0.400
8822	0.650	0.800	0.400
8823	0.650	0.900	0.400
8829	0.750	0.500	0.400
8830	0.750	0.600	0.400
8831	0.750	0.700	0.400
8832	0.750	0.800	0.400
8833	0.750	0.900	0.400
8840	0.850	0.600	0.400
8841	0.850	0.700	0.400
8842	0.850	0.800	0.400
8843	0.850	0.900	0.400
8851	0.950	0.700	0.400
8852	0.950	0.800	0.400
8853	0.950	0.900	0.400
8862	1.050	0.800	0.400
8863	1.050	0.900	0.400
8873	1.150	0.900	0.400
12726	0.350	0.250	0.200
12725	0.350	0.250	0.100
12724	0.350	0.250	0.000
8961	0.350	0.600	0.100
8970	0.450	0.500	0.100
8971	0.450	0.600	0.100
8979	0.550	0.400	0.100
8980	0.550	0.500	0.100
8989	0.650	0.400	0.100
9000	0.750	0.500	0.100
9095	0.050	0.000	0.100
9096	0.050	0.100	0.100
9097	0.050	0.200	0.100
9098	0.050	0.300	0.100
9105	0.150	0.000	0.100
9106	0.150	0.100	0.100
9107	0.150	0.200	0.100
9108	0.150	0.300	0.100
9109	0.150	0.400	0.100
9119	0.650	0.900	0.100
9120	0.750	0.900	0.100
9121	0.850	0.900	0.100
9122	0.950	0.900	0.100
9123	1.050	0.900	0.100
9124	1.150	0.900	0.100
9130	0.250	0.000	0.100
9131	0.250	0.100	0.100
9132	0.250	0.200	0.100
9133	0.250	0.300	0.100
9134	0.250	0.400	0.100
9135	0.250	0.500	0.100
9137	0.350	0.100	0.100
9138	0.350	0.200	0.100
9139	0.350	0.300	0.100
9140	0.350	0.400	0.100
9141	0.350	0.500	0.100
9144	0.450	0.200	0.100
9145	0.450	0.300	0.100
9146	0.450	0.400	0.100
9170	0.550	0.300	0.100
9176	0.550	0.800	0.100
9177	0.650	0.800	0.100
9178	0.750	0.800	0.100
9179	0.850	0.800	0.100
9180	0.950	0.800	0.100
9181	1.050	0.800	0.100
9187	0.450	0.700	0.100
9188	0.550	0.700	0.100
9189	0.650	0.700	0.100
9190	0.750	0.700	0.100
9191	0.850	0.700	0.100
9192	0.950	0.700	0.100
9198	0.550	0.600	0.100
9199	0.650	0.600	0.100
9200	0.750	0.600	0.100
9201	0.850	0.600	0.100
9208	0.650	0.500	0.100
9421	0.750	1.000	0.100
9429	0.850	1.000	0.100
9430	0.850	1.100	0.100
9437	0.950	1.000	0.100
9438	0.950	1.100	0.100
9439	0.950	1.200	0.100
9445	1.050	1.000	0.100
9446	1.050	1.100	0.100
9447	1.050	1.200	0.100
9448	1.050	1.300	0.100
9453	1.150	1.000	0.100
9454	1.150	1.100	0.100
9455	1.150	1.200	0.100
9456	1.150	1.300	0.100
9457	1.150	1.400	0.100
9461	1.250	1.000	0.100
9462	1.250	1.100	0.100
9463	1.250	1.200	0.100
9464	1.250	1.300	0.100
9465	1.250	1.400	0.100
9466	1.250	1.500	0.100
9470	1.350	1.100	0.100
9471	1.350	1.200	0.100
9472	1.350	1.300	0.100
9473	1.350	1.400	0.100
9474	1.350	1.500	0.100
9475	1.350	1.600	0.100
9479	1.450	1.200	0.100
9480	1.450	1.300	0.100
9481	1.450	1.400	0.100
9482	1.450	1.500	0.100
9483	1.450	1.600	0.100
9484	1.450	1.700	0.100
9488	1.550	1.300	0.100
9489	1.550	1.400	0.100
9490	1.550	1.500	0.100
9491	1.550	1.600	0.100
9492	1.550	1.700	0.100
9497	1.650	1.400	0.100
9498	1.650	1.500	0.100
9499	1.650	1.600	0.100
9500	1.650	1.700	0.100
9557	0.750	1.000	0.200
9565	0.850	1.000	0.200
9566	0.850	1.100	0.200
9573	0.950	1.000	0.200
9574	0.950	1.100	0.200
9575	0.950	1.200	0.200
9581	1.050	1.000	0.200
9582	1.050	1.100	0.200
9583	1.050	1.200	0.200
9584	1.050	1.300	0.200
9589	1.150	1.000	0.200
9590	1.150	1.100	0.200
9591	1.150	1.200	0.200
9592	1.150	1.300	0.200
9593	1.150	1.400	0.200
9597	1.250	1.000	0.200
9598	1.250	1.100	0.200
9599	1.250	1.200	0.200
9600	1.250	1.300	0.200
9601	1.250	1.400	0.200
9602	1.250	1.500	0.200
9606	1.350	1.100	0.200
9607	1.350	1.200	0.200
9608	1.350	1.300	0.200
9609	1.350	1.400	0.200
9610	1.350	1.500	0.200
9611	1.350	1.600	0.200
9615	1.450	1.200	0.200
9616	1.450	1.300	0.200
9617	1.450	1.400	0.200
9618	1.450	1.500	0.200
9619	1.450	1.600	0.200
9620	1.450	1.700	0.200
9624	1.550	1.300	0.200
9625	1.550	1.400	0.200
9626	1.550	1.500	0.200
9627	1.550	1.600	0.200
9628	1.550	1.700	0.200
9633	1.650	1.400	0.200
9634	1.650	1.500	0.200
9635	1.650	1.600	0.200
9636	1.650	1.700	0.200
9693	0.750	1.000	0.300
9701	0.850	1.000	0.300
9702	0.850	1.100	0.300
9709	0.950	1.000	0.300
9710	0.950	1.100	0.300
9711	0.950	1.200	0.300
9717	1.050	1.000	0.300
9718	1.050	1.100	0.300
9719	1.050	1.200	0.300
9720	1.050	1.300	0.300
9725	1.150	1.000	0.300
9726	1.150	1.100	0.300
9727	1.150	1.200	0.300
9728	1.150	1.300	0.300
9729	1.150	1.400	0.300
9733	1.250	1.000	0.300
9734	1.250	1.100	0.300
9735	1.250	1.200	0.300
9736	1.250	1.300	0.300
9737	1.250	1.400	0.300
9738	1.250	1.500	0.300
9742	1.350	1.100	0.300
9743	1.350	1.200	0.300
9744	1.350	1.300	0.300
9745	1.350	1.400	0.300
9746	1.350	1.500	0.300
9747	1.350	1.600	0.300
9751	1.450	1.200	0.300
9752	1.450	1.300	0.300
9753	1.450	1.400	0.300
9754	1.450	1.500	0.300
9755	1.450	1.600	0.300
9756	1.450	1.700	0.300
9760	1.550	1.300	0.300
9761	1.550	1.400	0.300
9762	1.550	1.500	0.300
9763	1.550	1.600	0.300
9764	1.550	1.700	0.300
9769	1.650	1.400	0.300
9770	1.650	1.500	0.300
9771	1.650	1.600	0.300
9772	1.650	1.700	0.300
9968	0.850	1.100	0.400
9969	0.850	1.100	0.500
9970	0.850	1.100	0.600
9992	0.950	1.100	0.400
9993	0.950	1.100	0.500
9995	0.950	1.200	0.400
9996	0.950	1.200	0.500
9997	0.950	1.200	0.600
10014	1.050	1.000	0.500
10019	1.050	1.200	0.400
10020	1.050	1.200	0.500
10021	1.050	1.200	0.600
10022	1.050	1.300	0.400
10023	1.050	1.300	0.500
10024	1.050	1.300	0.600
10037	1.150	1.000	0.400
10038	1.150	1.000	0.500
10039	1.150	1.000	0.600
10040	1.150	1.100	0.400
10041	1.150	1.100	0.500
10042	1.150	1.100	0.600
10046	1.150	1.300	0.400
10047	1.150	1.300	0.500
10048	1.150	1.300	0.600
10049	1.150	1.400	0.400
10050	1.150	1.400	0.500
10051	1.150	1.400	0.600
10061	1.250	1.000	0.400
10062	1.250	1.000	0.500
10063	1.250	1.000	0.600
10064	1.250	1.100	0.400
10065	1.250	1.100	0.500
10066	1.250	1.100	0.600
10072	1.250	1.300	0.600
10073	1.250	1.400	0.400
10074	1.250	1.400	0.500
10075	1.250	1.400	0.600
10076	1.250	1.500	0.400
10077	1.250	1.500	0.500
10078	1.250	1.500	0.600
10088	1.350	1.100	0.400
10089	1.350	1.100	0.500
10090	1.350	1.100	0.600
10091	1.350	1.200	0.400
10092	1.350	1.200	0.500
10093	1.350	1.200	0.600
10094	1.350	1.300	0.400
10095	1.350	1.300	0.500
10096	1.350	1.300	0.600
10097	1.350	1.400	0.400
10100	1.350	1.500	0.400
10101	1.350	1.500	0.500
10102	1.350	1.500	0.600
10103	1.350	1.600	0.400
10104	1.350	1.600	0.500
10105	1.350	1.600	0.600
10115	1.450	1.200	0.400
10116	1.450	1.200	0.500
10117	1.450	1.200	0.600
10118	1.450	1.300	0.400
10119	1.450	1.300	0.500
10120	1.450	1.300	0.600
10121	1.450	1.400	0.400
10122	1.450	1.400	0.500
10123	1.450	1.400	0.600
10124	1.450	1.500	0.400
10126	1.450	1.500	0.600
10127	1.450	1.600	0.400
10128	1.450	1.600	0.500
10129	1.450	1.600	0.600
10130	1.450	1.700	0.400
10131	1.450	1.700	0.500
10132	1.450	1.700	0.600
10142	1.550	1.300	0.400
10143	1.550	1.300	0.500
10144	1.550	1.300	0.600
10145	1.550	1.400	0.400
10146	1.550	1.400	0.500
10147	1.550	1.400	0.600
10154	1.550	1.700	0.400
10155	1.550	1.700	0.500
10156	1.550	1.700	0.600
10169	1.650	1.400	0.400
10170	1.650	1.400	0.500
10171	1.650	1.400	0.600
10172	1.650	1.500	0.400
10173	1.650	1.500	0.500
10174	1.650	1.500	0.600
10175	1.650	1.600	0.400
10176	1.650	1.600	0.500
10177	1.650	1.600	0.600
10178	1.650	1.700	0.400
10180	1.650	1.700	0.600
10192	0.750	1.000	0.400
10193	0.750	1.000	0.500
10194	0.750	1.000	0.600
10195	0.850	1.000	0.400
10196	0.850	1.000	0.500
10197	0.850	1.000	0.600
10198	0.950	1.000	0.400
10199	0.950	1.000	0.500
10200	0.950	1.000	0.600
10201	0.950	1.100	0.600
10202	1.050	1.000	0.400
10203	1.050	1.000	0.600
10204	1.050	1.100	0.400
10205	1.050	1.100	0.500
10206	1.050	1.100	0.600
10207	1.150	1.200	0.400
10208	1.150	1.200	0.500
10209	1.150	1.200	0.600
10210	1.250	1.200	0.400
10211	1.250	1.200	0.500
10212	1.250	1.200	0.600
10213	1.250	1.300	0.400
10214	1.250	1.300	0.500
10215	1.350	1.400	0.500
10216	1.350	1.400	0.600
10217	1.450	1.500	0.500
10220	1.550	1.500	0.400
10221	1.550	1.500	0.500
10222	1.550	1.500	0.600
10223	1.550	1.600	0.400
10224	1.550	1.600	0.500
10225	1.550	1.600	0.600
10227	1.650	1.700	0.500
10396	0.750	1.000	0.700
10397	0.750	1.000	0.800
10398	0.750	1.000	0.900
10420	0.850	1.000	0.700
10421	0.850	1.000	0.800
10422	0.850	1.000	0.900
10423	0.850	1.100	0.700
10424	0.850	1.100	0.800
10425	0.850	1.100	0.900
10444	0.950	1.000	0.700
10445	0.950	1.000	0.800
10446	0.950	1.000	0.900
10447	0.950	1.100	0.700
10448	0.950	1.100	0.800
10449	0.950	1.100	0.900
10450	0.950	1.200	0.700
10451	0.950	1.200	0.800
10452	0.950	1.200	0.900
10468	1.050	1.000	0.700
10469	1.050	1.000	0.800
10470	1.050	1.000	0.900
10471	1.050	1.100	0.700
10472	1.050	1.100	0.800
10473	1.050	1.100	0.900
10474	1.050	1.200	0.700
10475	1.050	1.200	0.800
10476	1.050	1.200	0.900
10477	1.050	1.300	0.700
10478	1.050	1.300	0.800
10479	1.050	1.300	0.900
10492	1.150	1.000	0.700
10493	1.150	1.000	0.800
10494	1.150	1.000	0.900
10495	1.150	1.100	0.700
10496	1.150	1.100	0.800
10497	1.150	1.100	0.900
10498	1.150	1.200	0.700
10499	1.150	1.200	0.800
10500	1.150	1.200	0.900
10501	1.150	1.300	0.700
10502	1.150	1.300	0.800
10503	1.150	1.300	0.900
10504	1.150	1.400	0.700
10505	1.150	1.400	0.800
10506	1.150	1.400	0.900
10516	1.250	1.000	0.700
10517	1.250	1.000	0.800
10518	1.250	1.000	0.900
10519	1.250	1.100	0.700
10520	1.250	1.100	0.800
10521	1.250	1.100	0.900
10522	1.250	1.200	0.700
10523	1.250	1.200	0.800
10524	1.250	1.200	0.900
10525	1.250	1.300	0.700
10526	1.250	1.300	0.800
10527	1.250	1.300	0.900
10528	1.250	1.400	0.700
10529	1.250	1.400	0.800
10530	1.250	1.400	0.900
10531	1.250	1.500	0.700
10532	1.250	1.500	0.800
10533	1.250	1.500	0.900
10543	1.350	1.100	0.700
10544	1.350	1.100	0.800
10545	1.350	1.100	0.900
10546	1.350	1.200	0.700
10547	1.350	1.200	0.800
10548	1.350	1.200	0.900
10549	1.350	1.300	0.700
10550	1.350	1.300	0.800
10551	1.350	1.300	0.900
10552	1.350	1.400	0.700
10553	1.350	1.400	0.800
10554	1.350	1.400	0.900
10555	1.350	1.500	0.700
10556	1.350	1.500	0.800
10557	1.350	1.500	0.900
10558	1.350	1.600	0.700
10559	1.350	1.600	0.800
10560	1.350	1.600	0.900
10570	1.450	1.200	0.700
10571	1.450	1.200	0.800
10572	1.450	1.200	0.900
10573	1.450	1.300	0.700
10574	1.450	1.300	0.800
10575	1.450	1.300	0.900
10576	1.450	1.400	0.700
10577	1.450	1.400	0.800
10578	1.450	1.400	0.900
10579	1.450	1.500	0.700
10580	1.450	1.500	0.800
10581	1.450	1.500	0.900
10582	1.450	1.600	0.700
10583	1.450	1.600	0.800
10584	1.450	1.600	0.900
10585	1.450	1.700	0.700
10586	1.450	1.700	0.800
10587	1.450	1.700	0.900
10597	1.550	1.300	0.700
10598	1.550	1.300	0.800
10599	1.550	1.300	0.900
10600	1.550	1.400	0.700
10601	1.550	1.400	0.800
10602	1.550	1.400	0.900
10603	1.550	1.500	0.700
10604	1.550	1.500	0.800
10605	1.550	1.500	0.900
10606	1.550	1.600	0.700
10607	1.550	1.600	0.800
10608	1.550	1.600	0.900
10609	1.550	1.700	0.700
10610	1.550	1.700	0.800
10611	1.550	1.700	0.900
10624	1.650	1.400	0.700
10625	1.650	1.400	0.800
10626	1.650	1.400	0.900
10627	1.650	1.500	0.700
10628	1.650	1.500	0.800
10629	1.650	1.500	0.900
10630	1.650	1.600	0.700
10631	1.650	1.600	0.800
10632	1.650	1.600	0.900
10633	1.650	1.700	0.700
10634	1.650	1.700	0.800
10635	1.650	1.700	0.900
10646	0.600	0.650	0.000
10647	0.600	0.650	0.100
10648	0.600	0.650	0.200
10649	0.600	0.650	0.300
10650	0.600	0.650	0.400
10651	0.600	0.650	0.500
10652	0.600	0.650	0.600
10653	0.600	0.650	0.700
10654	0.600	0.650	0.800
10655	0.600	0.650	0.900
11016	0.550	0.650	0.000
11017	0.550	0.650	0.100
11018	0.550	0.650	0.200
11019	0.550	0.650	0.300
11020	0.550	0.650	0.400
11021	0.550	0.650	0.500
11022	0.550	0.650	0.600
11023	0.550	0.650	0.700
11024	0.550	0.650	0.800
11025	0.550	0.650	0.900
11156	0.600	0.550	0.000
11157	0.600	0.550	0.100
11158	0.600	0.550	0.200
11159	0.600	0.550	0.300
11160	0.600	0.550	0.400
11161	0.600	0.550	0.500
11162	0.600	0.550	0.600
11163	0.600	0.550	0.700
11164	0.600	0.550	0.800
11165	0.600	0.550	0.900
12732	0.350	0.250	0.800
12733	0.350	0.250	0.900
12088	0.500	0.550	0.000
12089	0.500	0.550	0.100
12090	0.500	0.550	0.200
12091	0.500	0.550	0.300
12092	0.500	0.550	0.400
12093	0.500	0.550	0.500
12094	0.500	0.550	0.600
12095	0.500	0.550	0.700
12113	0.500	0.550	0.800
12114	0.500	0.550	0.900
12215	0.600	0.700	0.000
12216	0.600	0.700	0.100
12217	0.600	0.700	0.200
12218	0.600	0.700	0.300
12219	0.600	0.700	0.400
12220	0.600	0.700	0.500
12221	0.600	0.700	0.600
12222	0.600	0.700	0.700
12223	0.600	0.700	0.800
12224	0.600	0.700	0.900
13196	0.200	0.400	0.000
13197	0.200	0.400	0.100
13198	0.200	0.400	0.200
13199	0.200	0.400	0.300
13200	0.200	0.400	0.400
13201	0.200	0.400	0.500
13202	0.200	0.400	0.600
13203	0.200	0.400	0.700
13204	0.200	0.400	0.800
13205	0.200	0.400	0.900
13489	0.750	0.950	0.000
13490	0.750	0.950	0.100
13491	0.750	0.950	0.200
13492	0.750	0.950	0.300
13493	0.750	0.950	0.400
13494	0.750	0.950	0.500
13495	0.750	0.950	0.600
13496	0.750	0.950	0.700
13497	0.750	0.950	0.800
13498	0.750	0.950	0.900
13751	0.350	0.350	0.000
13752	0.350	0.350	0.100
13753	0.350	0.350	0.200
13754	0.350	0.350	0.300
13755	0.350	0.350	0.400
13756	0.350	0.350	0.500
13757	0.350	0.350	0.600
13758	0.350	0.350	0.700
13759	0.350	0.350	0.800
13760	0.350	0.350	0.900
15153	0.200	0.200	0.000
15154	0.200	0.200	0.100
15155	0.200	0.200	0.200
15156	0.200	0.200	0.300
15157	0.200	0.200	0.400
15158	0.200	0.200	0.500
15159	0.200	0.200	0.600
15160	0.200	0.200	0.700
15161	0.200	0.200	0.800
15162	0.200	0.200	0.900
15493	0.300	0.200	0.000
15494	0.300	0.200	0.100
15495	0.300	0.200	0.200
15496	0.300	0.200	0.300
15497	0.300	0.200	0.400
15498	0.300	0.200	0.500
15499	0.300	0.200	0.600
15500	0.300	0.200	0.700
15501	0.300	0.200	0.800
15502	0.300	0.200	0.900
17026	0.450	0.350	0.000
17027	0.450	0.350	0.100
17028	0.450	0.350	0.200
17029	0.450	0.350	0.300
17030	0.450	0.350	0.400
17031	0.450	0.350	0.500
17032	0.450	0.350	0.600
17033	0.450	0.350	0.700
17034	0.450	0.350	0.800
17035	0.450	0.350	0.900
18130	0.200	0.450	0.000
18131	0.200	0.450	0.100
18132	0.200	0.450	0.200
18133	0.200	0.450	0.300
18134	0.200	0.450	0.400
18135	0.200	0.450	0.500
18136	0.200	0.450	0.600
18137	0.200	0.450	0.700
18138	0.200	0.450	0.800
18139	0.200	0.450	0.900
18430	0.200	0.150	0.000
18431	0.200	0.150	0.100
18432	0.200	0.150	0.200
18433	0.200	0.150	0.300
18434	0.200	0.150	0.400
18435	0.200	0.150	0.500
18436	0.200	0.150	0.600
18437	0.200	0.150	0.700
18438	0.200	0.150	0.800
18439	0.200	0.150	0.900
19141	0.350	0.450	0.000
19142	0.350	0.450	0.100
19143	0.350	0.450	0.200
19144	0.350	0.450	0.300
19145	0.350	0.450	0.400
19146	0.350	0.450	0.500
19147	0.350	0.450	0.600
19148	0.350	0.450	0.700
19149	0.350	0.450	0.800
19150	0.350	0.450	0.900
19361	0.500	0.400	0.000
19362	0.500	0.400	0.100
19363	0.500	0.400	0.200
19364	0.500	0.400	0.300
19365	0.500	0.400	0.400
19366	0.500	0.400	0.500
19367	0.500	0.400	0.600
19368	0.500	0.400	0.700
19369	0.500	0.400	0.800
19370	0.500	0.400	0.900
19411	0.500	0.450	0.000
19412	0.500	0.450	0.100
19413	0.500	0.450	0.200
19414	0.500	0.450	0.300
19415	0.500	0.450	0.400
19416	0.500	0.450	0.500
19417	0.500	0.450	0.600
19418	0.500	0.450	0.700
19419	0.500	0.450	0.800
19420	0.500	0.450	0.900
20763	0.600	0.450	0.000
20764	0.600	0.450	0.100
20765	0.600	0.450	0.200
20766	0.600	0.450	0.300
20767	0.600	0.450	0.400
20768	0.600	0.450	0.500
20769	0.600	0.450	0.600
20770	0.600	0.450	0.700
20771	0.600	0.450	0.800
20772	0.600	0.450	0.900
21193	0.600	0.350	0.000
21194	0.600	0.350	0.100
21195	0.600	0.350	0.200
21196	0.600	0.350	0.300
21197	0.600	0.350	0.400
21198	0.600	0.350	0.500
21199	0.600	0.350	0.600
21200	0.600	0.350	0.700
21201	0.600	0.350	0.800
21202	0.600	0.350	0.900
21339	0.650	0.450	0.000
21340	0.650	0.450	0.100
21341	0.650	0.450	0.200
21342	0.650	0.450	0.300
21343	0.650	0.450	0.400
21344	0.650	0.450	0.500
21345	0.650	0.450	0.600
21346	0.650	0.450	0.700
21347	0.650	0.450	0.800
21348	0.650	0.450	0.900
22915	0.400	0.550	0.000
22916	0.400	0.550	0.100
22917	0.400	0.550	0.200
22918	0.400	0.550	0.300
22919	0.400	0.550	0.400
22920	0.400	0.550	0.500
22921	0.400	0.550	0.600
22922	0.400	0.550	0.700
22923	0.400	0.550	0.800
22924	0.400	0.550	0.900
23345	0.300	0.500	0.000
23346	0.300	0.500	0.100
23347	0.300	0.500	0.200
23348	0.300	0.500	0.300
23349	0.300	0.500	0.400
23350	0.300	0.500	0.500
23351	0.300	0.500	0.600
23352	0.300	0.500	0.700
23353	0.300	0.500	0.800
23354	0.300	0.500	0.900
25415	0.650	0.650	0.000
25416	0.650	0.650	0.100
25417	0.650	0.650	0.200
25418	0.650	0.650	0.300
25419	0.650	0.650	0.400
25420	0.650	0.650	0.500
25421	0.650	0.650	0.600
25422	0.650	0.650	0.700
25423	0.650	0.650	0.800
25424	0.650	0.650	0.900
27862	0.400	0.500	0.900
27861	0.400	0.500	0.800
27860	0.400	0.500	0.700
27859	0.400	0.500	0.600
27858	0.400	0.500	0.500
27857	0.400	0.500	0.400
27856	0.400	0.500	0.300
27855	0.400	0.500	0.200
27854	0.400	0.500	0.100
27853	0.400	0.500	0.000
27822	0.900	1.150	0.900
27821	0.900	1.150	0.800
27820	0.900	1.150	0.700
27819	0.900	1.150	0.600
27818	0.900	1.150	0.500
27817	0.900	1.150	0.400
27816	0.900	1.150	0.300
27815	0.900	1.150	0.200
27814	0.900	1.150	0.100
27813	0.900	1.150	0.000
27382	0.350	0.550	0.900
27381	0.350	0.550	0.800
27380	0.350	0.550	0.700
27379	0.350	0.550	0.600
27378	0.350	0.550	0.500
27377	0.350	0.550	0.400
27376	0.350	0.550	0.300
27375	0.350	0.550	0.200
27374	0.350	0.550	0.100
27373	0.350	0.550	0.000
29931	0.400	0.650	0.900
29930	0.400	0.650	0.800
29512	0.300	0.150	0.000
29513	0.300	0.150	0.100
29514	0.300	0.150	0.200
29515	0.300	0.150	0.300
29516	0.300	0.150	0.400
29517	0.300	0.150	0.500
29518	0.300	0.150	0.600
29519	0.300	0.150	0.700
29520	0.300	0.150	0.800
29521	0.300	0.150	0.900
29929	0.400	0.650	0.700
29928	0.400	0.650	0.600
29927	0.400	0.650	0.500
29926	0.400	0.650	0.400
29925	0.400	0.650	0.300
29924	0.400	0.650	0.200
29923	0.400	0.650	0.100
29922	0.400	0.650	0.000
29790	0.900	0.850	0.900
29789	0.900	0.850	0.800
29788	0.900	0.850	0.700
29787	0.900	0.850	0.600
29786	0.900	0.850	0.500
29785	0.900	0.850	0.400
29784	0.900	0.850	0.300
29783	0.900	0.850	0.200
29782	0.900	0.850	0.100
29781	0.900	0.850	0.000
31122	0.700	0.700	0.000
31123	0.700	0.700	0.100
31124	0.700	0.700	0.200
31125	0.700	0.700	0.300
31126	0.700	0.700	0.400
31127	0.700	0.700	0.500
31128	0.700	0.700	0.600
31129	0.700	0.700	0.700
31130	0.700	0.700	0.800
31131	0.700	0.700	0.900
31202	0.600	0.600	0.000
31203	0.600	0.600	0.100
31204	0.600	0.600	0.200
31205	0.600	0.600	0.300
31206	0.600	0.600	0.400
31207	0.600	0.600	0.500
31208	0.600	0.600	0.600
31209	0.600	0.600	0.700
31210	0.600	0.600	0.800
31211	0.600	0.600	0.900
33453	1.650	1.700	0.000
33452	1.650	1.600	0.000
33451	1.650	1.500	0.000
33450	1.650	1.400	0.000
33435	1.550	1.700	0.000
33434	1.550	1.600	0.000
33433	1.550	1.500	0.000
33432	1.550	1.400	0.000
33431	1.550	1.300	0.000
33417	1.450	1.700	0.000
33416	1.450	1.600	0.000
33415	1.450	1.500	0.000
33414	1.450	1.400	0.000
33413	1.450	1.300	0.000
33412	1.450	1.200	0.000
33398	1.350	1.600	0.000
33397	1.350	1.500	0.000
33396	1.350	1.400	0.000
33395	1.350	1.300	0.000
33394	1.350	1.200	0.000
33393	1.350	1.100	0.000
33379	1.250	1.500	0.000
33378	1.250	1.400	0.000
33377	1.250	1.300	0.000
33376	1.250	1.200	0.000
33375	1.250	1.100	0.000
33374	1.250	1.000	0.000
33360	1.150	1.400	0.000
33359	1.150	1.300	0.000
33358	1.150	1.200	0.000
33357	1.150	1.100	0.000
33356	1.150	1.000	0.000
33355	1.150	0.900	0.000
33341	1.050	1.300	0.000
33340	1.050	1.200	0.000
33339	1.050	1.100	0.000
33338	1.050	1.000	0.000
33337	1.050	0.900	0.000
33336	1.050	0.800	0.000
33323	0.950	1.200	0.000
33322	0.950	1.100	0.000
33321	0.950	1.000	0.000
33320	0.950	0.900	0.000
33319	0.950	0.800	0.000
33318	0.950	0.700	0.000
33305	0.850	1.100	0.000
33304	0.850	1.000	0.000
33303	0.850	0.900	0.000
33302	0.850	0.800	0.000
33301	0.850	0.700	0.000
33300	0.850	0.600	0.000
33286	0.750	1.000	0.000
33285	0.750	0.900	0.000
33284	0.750	0.800	0.000
33283	0.750	0.700	0.000
33282	0.750	0.600	0.000
33281	0.750	0.500	0.000
33267	0.650	0.900	0.000
33266	0.650	0.800	0.000
33265	0.650	0.700	0.000
33264	0.650	0.600	0.000
33263	0.650	0.500	0.000
33262	0.650	0.400	0.000
33248	0.550	0.800	0.000
33247	0.550	0.700	0.000
33246	0.550	0.600	0.000
33245	0.550	0.500	0.000
33244	0.550	0.400	0.000
33243	0.550	0.300	0.000
33229	0.450	0.700	0.000
33228	0.450	0.600	0.000
33227	0.450	0.500	0.000
33226	0.450	0.400	0.000
33225	0.450	0.300	0.000
33224	0.450	0.200	0.000
33210	0.350	0.600	0.000
33209	0.350	0.500	0.000
33208	0.350	0.400	0.000
33207	0.350	0.300	0.000
33206	0.350	0.200	0.000
33205	0.350	0.100	0.000
33191	0.250	0.500	0.000
33190	0.250	0.400	0.000
33189	0.250	0.300	0.000
33188	0.250	0.200	0.000
33187	0.250	0.100	0.000
33186	0.250	0.000	0.000
33172	0.150	0.400	0.000
33171	0.150	0.300	0.000
33170	0.150	0.200	0.000
33169	0.150	0.100	0.000
33168	0.150	0.000	0.000
33153	0.050	0.300	0.000
33152	0.050	0.200	0.000
33151	0.050	0.100	0.000
33150	0.050	0.000	0.000
32668	0.500	0.350	0.000
32669	0.500	0.350	0.100
32670	0.500	0.350	0.200
32671	0.500	0.350	0.300
32672	0.500	0.350	0.400
32673	0.500	0.350	0.500
32674	0.500	0.350	0.600
32675	0.500	0.350	0.700
32676	0.500	0.350	0.800
32677	0.500	0.350	0.900
32728	0.550	0.350	0.000
32729	0.550	0.350	0.100
32730	0.550	0.350	0.200
32731	0.550	0.350	0.300
32732	0.550	0.350	0.400
32733	0.550	0.350	0.500
32734	0.550	0.350	0.600
32735	0.550	0.350	0.700
32736	0.550	0.350	0.800
32737	0.550	0.350	0.900
32918	0.400	0.450	0.000
32919	0.400	0.450	0.100
32920	0.400	0.450	0.200
32921	0.400	0.450	0.300
32922	0.400	0.450	0.400
32923	0.400	0.450	0.500
32924	0.400	0.450	0.600
32925	0.400	0.450	0.700
32926	0.400	0.450	0.800
32927	0.400	0.450	0.900
33018	0.450	0.450	0.000
33019	0.450	0.450	0.100
33020	0.450	0.450	0.200
33021	0.450	0.450	0.300
33022	0.450	0.450	0.400
33023	0.450	0.450	0.500
33024	0.450	0.450	0.600
33025	0.450	0.450	0.700
33026	0.450	0.450	0.800
33027	0.450	0.450	0.900
34636	0.650	0.550	0.000
34637	0.650	0.550	0.100
34638	0.650	0.550	0.200
34639	0.650	0.550	0.300
34640	0.650	0.550	0.400
34641	0.650	0.550	0.500
34642	0.650	0.550	0.600
34643	0.650	0.550	0.700
34644	0.650	0.550	0.800
34645	0.650	0.550	0.900
35189	0.600	0.500	0.000
35190	0.600	0.500	0.100
35191	0.600	0.500	0.200
35192	0.600	0.500	0.300
35193	0.600	0.500	0.400
35194	0.600	0.500	0.500
35195	0.600	0.500	0.600
35196	0.600	0.500	0.700
35197	0.600	0.500	0.800
35198	0.600	0.500	0.900
35459	0.550	0.550	0.000
35460	0.550	0.550	0.100
35461	0.550	0.550	0.200
35462	0.550	0.550	0.300
35463	0.550	0.550	0.400
35464	0.550	0.550	0.500
35465	0.550	0.550	0.600
35466	0.550	0.550	0.700
35467	0.550	0.550	0.800
35468	0.550	0.550	0.900
35639	0.500	0.600	0.000
35640	0.500	0.600	0.100
35641	0.500	0.600	0.200
35642	0.500	0.600	0.300
35643	0.500	0.600	0.400
35644	0.500	0.600	0.500
35645	0.500	0.600	0.600
35646	0.500	0.600	0.700
35647	0.500	0.600	0.800
35648	0.500	0.600	0.900
37074	0.400	0.250	0.000
37075	0.400	0.250	0.100
37076	0.400	0.250	0.200
37077	0.400	0.250	0.300
37078	0.400	0.250	0.400
37079	0.400	0.250	0.500
37080	0.400	0.250	0.600
37081	0.400	0.250	0.700
37082	0.400	0.250	0.800
37083	0.400	0.250	0.900
37125	0.400	0.300	0.100
37126	0.400	0.300	0.200
37127	0.400	0.300	0.300
37128	0.400	0.300	0.400
37129	0.400	0.300	0.500
37130	0.400	0.300	0.600
37131	0.400	0.300	0.700
37132	0.400	0.300	0.800
37133	0.400	0.300	0.900
37174	0.400	0.350	0.000
37175	0.400	0.350	0.100
37176	0.400	0.350	0.200
37177	0.400	0.350	0.300
37178	0.400	0.350	0.400
37179	0.400	0.350	0.500
37180	0.400	0.350	0.600
37181	0.400	0.350	0.700
37182	0.400	0.350	0.800
37183	0.400	0.350	0.900
37424	0.450	0.250	0.000
37425	0.450	0.250	0.100
37426	0.450	0.250	0.200
37427	0.450	0.250	0.300
37428	0.450	0.250	0.400
37429	0.450	0.250	0.500
37430	0.450	0.250	0.600
37431	0.450	0.250	0.700
37432	0.450	0.250	0.800
37433	0.450	0.250	0.900
37676	0.400	0.300	0.000
37688	0.500	0.300	0.000
37689	0.500	0.300	0.100
37690	0.500	0.300	0.200
37691	0.500	0.300	0.300
37692	0.500	0.300	0.400
37693	0.500	0.300	0.500
37694	0.500	0.300	0.600
37695	0.500	0.300	0.700
37696	0.500	0.300	0.800
37697	0.500	0.300	0.900
39441	0.600	0.750	0.000
39442	0.600	0.750	0.100
39443	0.600	0.750	0.200
39444	0.600	0.750	0.300
39445	0.600	0.750	0.400
39446	0.600	0.750	0.500
39447	0.600	0.750	0.600
39448	0.600	0.750	0.700
39449	0.600	0.750	0.800
39450	0.600	0.750	0.900
39551	0.650	0.750	0.000
39552	0.650	0.750	0.100
39553	0.650	0.750	0.200
39554	0.650	0.750	0.300
39555	0.650	0.750	0.400
39556	0.650	0.750	0.500
39557	0.650	0.750	0.600
39558	0.650	0.750	0.700
39559	0.650	0.750	0.800
39560	0.650	0.750	0.900
39841	0.700	0.650	0.000
39842	0.700	0.650	0.100
39843	0.700	0.650	0.200
39844	0.700	0.650	0.300
39845	0.700	0.650	0.400
39846	0.700	0.650	0.500
39847	0.700	0.650	0.600
39848	0.700	0.650	0.700
39849	0.700	0.650	0.800
39850	0.700	0.650	0.900
39911	0.700	0.750	0.000
39912	0.700	0.750	0.100
39913	0.700	0.750	0.200
39914	0.700	0.750	0.300
39915	0.700	0.750	0.400
39916	0.700	0.750	0.500
39917	0.700	0.750	0.600
39918	0.700	0.750	0.700
39919	0.700	0.750	0.800
39920	0.700	0.750	0.900
40581	0.300	0.450	0.000
40582	0.300	0.450	0.100
40583	0.300	0.450	0.200
40584	0.300	0.450	0.300
40585	0.300	0.450	0.400
40586	0.300	0.450	0.500
40587	0.300	0.450	0.600
40588	0.300	0.450	0.700
40589	0.300	0.450	0.800
40590	0.300	0.450	0.900
40651	0.300	0.550	0.000
40652	0.300	0.550	0.100
40653	0.300	0.550	0.200
40654	0.300	0.550	0.300
40655	0.300	0.550	0.400
40656	0.300	0.550	0.500
40657	0.300	0.550	0.600
40658	0.300	0.550	0.700
40659	0.300	0.550	0.800
40660	0.300	0.550	0.900
41361	0.450	0.650	0.000
41362	0.450	0.650	0.100
41363	0.450	0.650	0.200
41364	0.450	0.650	0.300
41365	0.450	0.650	0.400
41366	0.450	0.650	0.500
41367	0.450	0.650	0.600
41368	0.450	0.650	0.700
41369	0.450	0.650	0.800
41370	0.450	0.650	0.900
41411	0.500	0.650	0.000
41412	0.500	0.650	0.100
41413	0.500	0.650	0.200
41414	0.500	0.650	0.300
41415	0.500	0.650	0.400
41416	0.500	0.650	0.500
41417	0.500	0.650	0.600
41418	0.500	0.650	0.700
41419	0.500	0.650	0.800
41420	0.500	0.650	0.900
41551	0.050	0.050	0.000
41552	0.050	0.050	0.100
41553	0.050	0.050	0.200
41554	0.050	0.050	0.300
41555	0.050	0.050	0.400
41556	0.050	0.050	0.500
41557	0.050	0.050	0.600
41558	0.050	0.050	0.700
41559	0.050	0.050	0.800
41560	0.050	0.050	0.900
41561	0.050	0.150	0.000
41562	0.050	0.150	0.100
41563	0.050	0.150	0.200
41564	0.050	0.150	0.300
41565	0.050	0.150	0.400
41566	0.050	0.150	0.500
41567	0.050	0.150	0.600
41568	0.050	0.150	0.700
41569	0.050	0.150	0.800
41570	0.050	0.150	0.900
41571	0.050	0.250	0.000
41572	0.050	0.250	0.100
41573	0.050	0.250	0.200
41574	0.050	0.250	0.300
41575	0.050	0.250	0.400
41576	0.050	0.250	0.500
41577	0.050	0.250	0.600
41578	0.050	0.250	0.700
41579	0.050	0.250	0.800
41580	0.050	0.250	0.900
41651	0.150	0.050	0.000
41652	0.150	0.050	0.100
41653	0.150	0.050	0.200
41654	0.150	0.050	0.300
41655	0.150	0.050	0.400
41656	0.150	0.050	0.500
41657	0.150	0.050	0.600
41658	0.150	0.050	0.700
41659	0.150	0.050	0.800
41660	0.150	0.050	0.900
41661	0.150	0.150	0.000
41662	0.150	0.150	0.100
41663	0.150	0.150	0.200
41664	0.150	0.150	0.300
41665	0.150	0.150	0.400
41666	0.150	0.150	0.500
41667	0.150	0.150	0.600
41668	0.150	0.150	0.700
41669	0.150	0.150	0.800
41670	0.150	0.150	0.900
41671	0.150	0.250	0.000
41672	0.150	0.250	0.100
41673	0.150	0.250	0.200
41674	0.150	0.250	0.300
41675	0.150	0.250	0.400
41676	0.150	0.250	0.500
41677	0.150	0.250	0.600
41678	0.150	0.250	0.700
41679	0.150	0.250	0.800
41680	0.150	0.250	0.900
41681	0.150	0.350	0.000
41682	0.150	0.350	0.100
41683	0.150	0.350	0.200
41684	0.150	0.350	0.300
41685	0.150	0.350	0.400
41686	0.150	0.350	0.500
41687	0.150	0.350	0.600
41688	0.150	0.350	0.700
41689	0.150	0.350	0.800
41690	0.150	0.350	0.900
41751	0.250	0.050	0.000
41752	0.250	0.050	0.100
41753	0.250	0.050	0.200
41754	0.250	0.050	0.300
41755	0.250	0.050	0.400
41756	0.250	0.050	0.500
41757	0.250	0.050	0.600
41758	0.250	0.050	0.700
41759	0.250	0.050	0.800
41760	0.250	0.050	0.900
41761	0.250	0.150	0.000
41762	0.250	0.150	0.100
41763	0.250	0.150	0.200
41764	0.250	0.150	0.300
41765	0.250	0.150	0.400
41766	0.250	0.150	0.500
41767	0.250	0.150	0.600
41768	0.250	0.150	0.700
41769	0.250	0.150	0.800
41770	0.250	0.150	0.900
41771	0.250	0.250	0.000
41772	0.250	0.250	0.100
41773	0.250	0.250	0.200
41774	0.250	0.250	0.300
41775	0.250	0.250	0.400
41776	0.250	0.250	0.500
41777	0.250	0.250	0.600
41778	0.250	0.250	0.700
41779	0.250	0.250	0.800
41780	0.250	0.250	0.900
41781	0.250	0.350	0.000
41782	0.250	0.350	0.100
41783	0.250	0.350	0.200
41784	0.250	0.350	0.300
41785	0.250	0.350	0.400
41786	0.250	0.350	0.500
41787	0.250	0.350	0.600
41788	0.250	0.350	0.700
41789	0.250	0.350	0.800
41790	0.250	0.350	0.900
41791	0.250	0.450	0.000
41792	0.250	0.450	0.100
41793	0.250	0.450	0.200
41794	0.250	0.450	0.300
41795	0.250	0.450	0.400
41796	0.250	0.450	0.500
41797	0.250	0.450	0.600
41798	0.250	0.450	0.700
41799	0.250	0.450	0.800
41800	0.250	0.450	0.900
41821	0.350	0.050	0.000
41822	0.350	0.050	0.100
41823	0.350	0.050	0.200
41824	0.350	0.050	0.300
41825	0.350	0.050	0.400
41826	0.350	0.050	0.500
41827	0.350	0.050	0.600
41828	0.350	0.050	0.700
41829	0.350	0.050	0.800
41830	0.350	0.050	0.900
41831	0.350	0.150	0.000
41832	0.350	0.150	0.100
41833	0.350	0.150	0.200
41834	0.350	0.150	0.300
41835	0.350	0.150	0.400
41836	0.350	0.150	0.500
41837	0.350	0.150	0.600
41838	0.350	0.150	0.700
41839	0.350	0.150	0.800
41840	0.350	0.150	0.900
41971	0.550	0.750	0.000
41972	0.550	0.750	0.100
41973	0.550	0.750	0.200
41974	0.550	0.750	0.300
41975	0.550	0.750	0.400
41976	0.550	0.750	0.500
41977	0.550	0.750	0.600
41978	0.550	0.750	0.700
41979	0.550	0.750	0.800
41980	0.550	0.750	0.900
41981	0.550	0.850	0.000
41982	0.550	0.850	0.100
41983	0.550	0.850	0.200
41984	0.550	0.850	0.300
41985	0.550	0.850	0.400
41986	0.550	0.850	0.500
41987	0.550	0.850	0.600
41988	0.550	0.850	0.700
41989	0.550	0.850	0.800
41990	0.550	0.850	0.900
42031	0.650	0.850	0.000
42032	0.650	0.850	0.100
42033	0.650	0.850	0.200
42034	0.650	0.850	0.300
42035	0.650	0.850	0.400
42036	0.650	0.850	0.500
42037	0.650	0.850	0.600
42038	0.650	0.850	0.700
42039	0.650	0.850	0.800
42040	0.650	0.850	0.900
42061	0.100	0.000	0.000
42062	0.100	0.000	0.100
42063	0.100	0.000	0.200
42064	0.100	0.000	0.300
42065	0.100	0.000	0.400
42066	0.100	0.000	0.500
42067	0.100	0.000	0.600
42068	0.100	0.000	0.700
42069	0.100	0.000	0.800
42070	0.100	0.000	0.900
42071	0.100	0.050	0.000
42072	0.100	0.050	0.100
42073	0.100	0.050	0.200
42074	0.100	0.050	0.300
42075	0.100	0.050	0.400
42076	0.100	0.050	0.500
42077	0.100	0.050	0.600
42078	0.100	0.050	0.700
42079	0.100	0.050	0.800
42080	0.100	0.050	0.900
42081	0.100	0.100	0.000
42082	0.100	0.100	0.100
42083	0.100	0.100	0.200
42084	0.100	0.100	0.300
42085	0.100	0.100	0.400
42086	0.100	0.100	0.500
42087	0.100	0.100	0.600
42088	0.100	0.100	0.700
42089	0.100	0.100	0.800
42090	0.100	0.100	0.900
42091	0.100	0.150	0.000
42092	0.100	0.150	0.100
42093	0.100	0.150	0.200
42094	0.100	0.150	0.300
42095	0.100	0.150	0.400
42096	0.100	0.150	0.500
42097	0.100	0.150	0.600
42098	0.100	0.150	0.700
42099	0.100	0.150	0.800
42100	0.100	0.150	0.900
42101	0.100	0.200	0.000
42102	0.100	0.200	0.100
42103	0.100	0.200	0.200
42104	0.100	0.200	0.300
42105	0.100	0.200	0.400
42106	0.100	0.200	0.500
42107	0.100	0.200	0.600
42108	0.100	0.200	0.700
42109	0.100	0.200	0.800
42110	0.100	0.200	0.900
42111	0.100	0.250	0.000
42112	0.100	0.250	0.100
42113	0.100	0.250	0.200
42114	0.100	0.250	0.300
42115	0.100	0.250	0.400
42116	0.100	0.250	0.500
42117	0.100	0.250	0.600
42118	0.100	0.250	0.700
42119	0.100	0.250	0.800
42120	0.100	0.250	0.900
42121	0.100	0.300	0.000
42122	0.100	0.300	0.100
42123	0.100	0.300	0.200
42124	0.100	0.300	0.300
42125	0.100	0.300	0.400
42126	0.100	0.300	0.500
42127	0.100	0.300	0.600
42128	0.100	0.300	0.700
42129	0.100	0.300	0.800
42130	0.100	0.300	0.900
42131	0.100	0.350	0.000
42132	0.100	0.350	0.100
42133	0.100	0.350	0.200
42134	0.100	0.350	0.300
42135	0.100	0.350	0.400
42136	0.100	0.350	0.500
42137	0.100	0.350	0.600
42138	0.100	0.350	0.700
42139	0.100	0.350	0.800
42140	0.100	0.350	0.900
42281	0.200	0.000	0.000
42282	0.200	0.000	0.100
42283	0.200	0.000	0.200
42284	0.200	0.000	0.300
42285	0.200	0.000	0.400
42286	0.200	0.000	0.500
42287	0.200	0.000	0.600
42288	0.200	0.000	0.700
42289	0.200	0.000	0.800
42290	0.200	0.000	0.900
42291	0.200	0.050	0.000
42292	0.200	0.050	0.100
42293	0.200	0.050	0.200
42294	0.200	0.050	0.300
42295	0.200	0.050	0.400
42296	0.200	0.050	0.500
42297	0.200	0.050	0.600
42298	0.200	0.050	0.700
42299	0.200	0.050	0.800
42300	0.200	0.050	0.900
42301	0.200	0.100	0.000
42302	0.200	0.100	0.100
42303	0.200	0.100	0.200
42304	0.200	0.100	0.300
42305	0.200	0.100	0.400
42306	0.200	0.100	0.500
42307	0.200	0.100	0.600
42308	0.200	0.100	0.700
42309	0.200	0.100	0.800
42310	0.200	0.100	0.900
42311	0.200	0.250	0.000
42312	0.200	0.250	0.100
42313	0.200	0.250	0.200
42314	0.200	0.250	0.300
42315	0.200	0.250	0.400
42316	0.200	0.250	0.500
42317	0.200	0.250	0.600
42318	0.200	0.250	0.700
42319	0.200	0.250	0.800
42320	0.200	0.250	0.900
42321	0.200	0.300	0.000
42322	0.200	0.300	0.100
42323	0.200	0.300	0.200
42324	0.200	0.300	0.300
42325	0.200	0.300	0.400
42326	0.200	0.300	0.500
42327	0.200	0.300	0.600
42328	0.200	0.300	0.700
42329	0.200	0.300	0.800
42330	0.200	0.300	0.900
42331	0.200	0.350	0.000
42332	0.200	0.350	0.100
42333	0.200	0.350	0.200
42334	0.200	0.350	0.300
42335	0.200	0.350	0.400
42336	0.200	0.350	0.500
42337	0.200	0.350	0.600
42338	0.200	0.350	0.700
42339	0.200	0.350	0.800
42340	0.200	0.350	0.900
42411	0.300	0.050	0.000
42412	0.300	0.050	0.100
42413	0.300	0.050	0.200
42414	0.300	0.050	0.300
42415	0.300	0.050	0.400
42416	0.300	0.050	0.500
42417	0.300	0.050	0.600
42418	0.300	0.050	0.700
42419	0.300	0.050	0.800
42420	0.300	0.050	0.900
42421	0.300	0.100	0.000
42422	0.300	0.100	0.100
42423	0.300	0.100	0.200
42424	0.300	0.100	0.300
42425	0.300	0.100	0.400
42426	0.300	0.100	0.500
42427	0.300	0.100	0.600
42428	0.300	0.100	0.700
42429	0.300	0.100	0.800
42430	0.300	0.100	0.900
42431	0.300	0.250	0.000
42432	0.300	0.250	0.100
42433	0.300	0.250	0.200
42434	0.300	0.250	0.300
42435	0.300	0.250	0.400
42436	0.300	0.250	0.500
42437	0.300	0.250	0.600
42438	0.300	0.250	0.700
42439	0.300	0.250	0.800
42440	0.300	0.250	0.900
42441	0.300	0.300	0.000
42442	0.300	0.300	0.100
42443	0.300	0.300	0.200
42444	0.300	0.300	0.300
42445	0.300	0.300	0.400
42446	0.300	0.300	0.500
42447	0.300	0.300	0.600
42448	0.300	0.300	0.700
42449	0.300	0.300	0.800
42450	0.300	0.300	0.900
42451	0.300	0.350	0.000
42452	0.300	0.350	0.100
42453	0.300	0.350	0.200
42454	0.300	0.350	0.300
42455	0.300	0.350	0.400
42456	0.300	0.350	0.500
42457	0.300	0.350	0.600
42458	0.300	0.350	0.700
42459	0.300	0.350	0.800
42460	0.300	0.350	0.900
42461	0.300	0.400	0.000
42462	0.300	0.400	0.100
42463	0.300	0.400	0.200
42464	0.300	0.400	0.300
42465	0.300	0.400	0.400
42466	0.300	0.400	0.500
42467	0.300	0.400	0.600
42468	0.300	0.400	0.700
42469	0.300	0.400	0.800
42470	0.300	0.400	0.900
42541	0.400	0.150	0.000
42542	0.400	0.150	0.100
42543	0.400	0.150	0.200
42544	0.400	0.150	0.300
42545	0.400	0.150	0.400
42546	0.400	0.150	0.500
42547	0.400	0.150	0.600
42548	0.400	0.150	0.700
42549	0.400	0.150	0.800
42550	0.400	0.150	0.900
42551	0.400	0.200	0.000
42552	0.400	0.200	0.100
42553	0.400	0.200	0.200
42554	0.400	0.200	0.300
42555	0.400	0.200	0.400
42556	0.400	0.200	0.500
42557	0.400	0.200	0.600
42558	0.400	0.200	0.700
42559	0.400	0.200	0.800
42560	0.400	0.200	0.900
42691	0.500	0.250	0.000
42692	0.500	0.250	0.100
42693	0.500	0.250	0.200
42694	0.500	0.250	0.300
42695	0.500	0.250	0.400
42696	0.500	0.250	0.500
42697	0.500	0.250	0.600
42698	0.500	0.250	0.700
42699	0.500	0.250	0.800
42700	0.500	0.250	0.900
42701	0.500	0.700	0.000
42702	0.500	0.700	0.100
42703	0.500	0.700	0.200
42704	0.500	0.700	0.300
42705	0.500	0.700	0.400
42706	0.500	0.700	0.500
42707	0.500	0.700	0.600
42708	0.500	0.700	0.700
42709	0.500	0.700	0.800
42710	0.500	0.700	0.900
42711	0.500	0.750	0.000
42712	0.500	0.750	0.100
42713	0.500	0.750	0.200
42714	0.500	0.750	0.300
42715	0.500	0.750	0.400
42716	0.500	0.750	0.500
42717	0.500	0.750	0.600
42718	0.500	0.750	0.700
42719	0.500	0.750	0.800
42720	0.500	0.750	0.900
42851	0.600	0.800	0.000
42852	0.600	0.800	0.100
42853	0.600	0.800	0.200
42854	0.600	0.800	0.300
42855	0.600	0.800	0.400
42856	0.600	0.800	0.500
42857	0.600	0.800	0.600
42858	0.600	0.800	0.700
42859	0.600	0.800	0.800
42860	0.600	0.800	0.900
42861	0.600	0.850	0.000
42862	0.600	0.850	0.100
42863	0.600	0.850	0.200
42864	0.600	0.850	0.300
42865	0.600	0.850	0.400
42866	0.600	0.850	0.500
42867	0.600	0.850	0.600
42868	0.600	0.850	0.700
42869	0.600	0.850	0.800
42870	0.600	0.850	0.900
42921	0.050	0.000	0.990
42922	0.050	0.100	0.990
42923	0.050	0.200	0.990
42924	0.050	0.300	0.990
42939	0.150	0.000	0.990
42940	0.150	0.100	0.990
42941	0.150	0.200	0.990
42942	0.150	0.300	0.990
42943	0.150	0.400	0.990
42957	0.250	0.000	0.990
42958	0.250	0.100	0.990
42959	0.250	0.200	0.990
42960	0.250	0.300	0.990
42961	0.250	0.400	0.990
42962	0.250	0.500	0.990
42976	0.350	0.100	0.990
42977	0.350	0.200	0.990
42978	0.350	0.300	0.990
42979	0.350	0.400	0.990
42980	0.350	0.500	0.990
42981	0.350	0.600	0.990
42995	0.450	0.200	0.990
42996	0.450	0.300	0.990
42997	0.450	0.400	0.990
42998	0.450	0.500	0.990
42999	0.450	0.600	0.990
43000	0.450	0.700	0.990
43014	0.550	0.300	0.990
43015	0.550	0.400	0.990
43016	0.550	0.500	0.990
43017	0.550	0.600	0.990
43018	0.550	0.700	0.990
43019	0.550	0.800	0.990
43033	0.650	0.400	0.990
43034	0.650	0.500	0.990
43035	0.650	0.600	0.990
43036	0.650	0.700	0.990
43037	0.650	0.800	0.990
43038	0.650	0.900	0.990
43052	0.750	0.500	0.990
43053	0.750	0.600	0.990
43054	0.750	0.700	0.990
43055	0.750	0.800	0.990
43056	0.750	0.900	0.990
43057	0.750	1.000	0.990
43071	0.850	0.600	0.990
43072	0.850	0.700	0.990
43073	0.850	0.800	0.990
43074	0.850	0.900	0.990
43075	0.850	1.000	0.990
43076	0.850	1.100	0.990
43090	0.950	0.700	0.990
43091	0.950	0.800	0.990
43092	0.950	0.900	0.990
43093	0.950	1.000	0.990
43094	0.950	1.100	0.990
43095	0.950	1.200	0.990
43109	1.050	0.800	0.990
43110	1.050	0.900	0.990
43111	1.050	1.000	0.990
43112	1.050	1.100	0.990
43113	1.050	1.200	0.990
43114	1.050	1.300	0.990
43128	1.150	0.900	0.990
43129	1.150	1.000	0.990
43130	1.150	1.100	0.990
43131	1.150	1.200	0.990
43132	1.150	1.300	0.990
43133	1.150	1.400	0.990
43147	1.250	1.000	0.990
43148	1.250	1.100	0.990
43149	1.250	1.200	0.990
43150	1.250	1.300	0.990
43151	1.250	1.400	0.990
43152	1.250	1.500	0.990
43166	1.350	1.100	0.990
43167	1.350	1.200	0.990
43168	1.350	1.300	0.990
43169	1.350	1.400	0.990
43170	1.350	1.500	0.990
43171	1.350	1.600	0.990
43185	1.450	1.200	0.990
43186	1.450	1.300	0.990
43187	1.450	1.400	0.990
43188	1.450	1.500	0.990
43189	1.450	1.600	0.990
43190	1.450	1.700	0.990
43204	1.550	1.300	0.990
43205	1.550	1.400	0.990
43206	1.550	1.500	0.990
43207	1.550	1.600	0.990
43208	1.550	1.700	0.990
43223	1.650	1.400	0.990
43224	1.650	1.500	0.990
43225	1.650	1.600	0.990
43226	1.650	1.700	0.990
44831	0.950	1.150	0.100
44830	0.950	1.150	0.000
44832	0.950	1.150	0.200
44833	0.950	1.150	0.300
44834	0.950	1.150	0.400
44835	0.950	1.150	0.500
44836	0.950	1.150	0.600
44837	0.950	1.150	0.700
44838	0.950	1.150	0.800
44839	0.950	1.150	0.900
44890	1.000	1.150	0.000
44891	1.000	1.150	0.100
44892	1.000	1.150	0.200
44893	1.000	1.150	0.300
44894	1.000	1.150	0.400
44895	1.000	1.150	0.500
44896	1.000	1.150	0.600
44897	1.000	1.150	0.700
44898	1.000	1.150	0.800
44899	1.000	1.150	0.900
44900	1.000	1.200	0.000
44901	1.000	1.200	0.100
44902	1.000	1.200	0.200
44903	1.000	1.200	0.300
44904	1.000	1.200	0.400
44905	1.000	1.200	0.500
44906	1.000	1.200	0.600
44907	1.000	1.200	0.700
44908	1.000	1.200	0.800
44909	1.000	1.200	0.900
44910	1.000	1.250	0.000
44911	1.000	1.250	0.100
44912	1.000	1.250	0.200
44913	1.000	1.250	0.300
44914	1.000	1.250	0.400
44915	1.000	1.250	0.500
44916	1.000	1.250	0.600
44917	1.000	1.250	0.700
44918	1.000	1.250	0.800
44919	1.000	1.250	0.900
45000	1.050	1.150	0.000
45001	1.050	1.150	0.100
45002	1.050	1.150	0.200
45003	1.050	1.150	0.300
45004	1.050	1.150	0.400
45005	1.050	1.150	0.500
45006	1.050	1.150	0.600
45007	1.050	1.150	0.700
45008	1.050	1.150	0.800
45009	1.050	1.150	0.900
45010	1.050	1.250	0.000
45011	1.050	1.250	0.100
45012	1.050	1.250	0.200
45013	1.050	1.250	0.300
45014	1.050	1.250	0.400
45015	1.050	1.250	0.500
45016	1.050	1.250	0.600
45017	1.050	1.250	0.700
45018	1.050	1.250	0.800
45019	1.050	1.250	0.900
45060	1.100	1.150	0.000
45061	1.100	1.150	0.100
45062	1.100	1.150	0.200
45063	1.100	1.150	0.300
45064	1.100	1.150	0.400
45065	1.100	1.150	0.500
45066	1.100	1.150	0.600
45067	1.100	1.150	0.700
45068	1.100	1.150	0.800
45069	1.100	1.150	0.900
45070	1.100	1.200	0.000
45071	1.100	1.200	0.100
45072	1.100	1.200	0.200
45073	1.100	1.200	0.300
45074	1.100	1.200	0.400
45075	1.100	1.200	0.500
45076	1.100	1.200	0.600
45077	1.100	1.200	0.700
45078	1.100	1.200	0.800
45079	1.100	1.200	0.900
45080	1.100	1.250	0.000
45081	1.100	1.250	0.100
45082	1.100	1.250	0.200
45083	1.100	1.250	0.300
45084	1.100	1.250	0.400
45085	1.100	1.250	0.500
45086	1.100	1.250	0.600
45087	1.100	1.250	0.700
45088	1.100	1.250	0.800
45089	1.100	1.250	0.900
45090	1.100	1.300	0.000
45091	1.100	1.300	0.100
45092	1.100	1.300	0.200
45093	1.100	1.300	0.300
45094	1.100	1.300	0.400
45095	1.100	1.300	0.500
45096	1.100	1.300	0.600
45097	1.100	1.300	0.700
45098	1.100	1.300	0.800
45099	1.100	1.300	0.900
45100	1.100	1.350	0.000
45101	1.100	1.350	0.100
45102	1.100	1.350	0.200
45103	1.100	1.350	0.300
45104	1.100	1.350	0.400
45105	1.100	1.350	0.500
45106	1.100	1.350	0.600
45107	1.100	1.350	0.700
45108	1.100	1.350	0.800
45109	1.100	1.350	0.900
45110	1.100	1.400	0.000
45111	1.100	1.400	0.100
45112	1.100	1.400	0.200
45113	1.100	1.400	0.300
45114	1.100	1.400	0.400
45115	1.100	1.400	0.500
45116	1.100	1.400	0.600
45117	1.100	1.400	0.700
45118	1.100	1.400	0.800
45119	1.100	1.400	0.900
45180	1.150	1.150	0.000
45181	1.150	1.150	0.100
45182	1.150	1.150	0.200
45183	1.150	1.150	0.300
45184	1.150	1.150	0.400
45185	1.150	1.150	0.500
45186	1.150	1.150	0.600
45187	1.150	1.150	0.700
45188	1.150	1.150	0.800
45189	1.150	1.150	0.900
45190	1.150	1.250	0.000
45191	1.150	1.250	0.100
45192	1.150	1.250	0.200
45193	1.150	1.250	0.300
45194	1.150	1.250	0.400
45195	1.150	1.250	0.500
45196	1.150	1.250	0.600
45197	1.150	1.250	0.700
45198	1.150	1.250	0.800
45199	1.150	1.250	0.900
45200	1.150	1.350	0.000
45201	1.150	1.350	0.100
45202	1.150	1.350	0.200
45203	1.150	1.350	0.300
45204	1.150	1.350	0.400
45205	1.150	1.350	0.500
45206	1.150	1.350	0.600
45207	1.150	1.350	0.700
45208	1.150	1.350	0.800
45209	1.150	1.350	0.900
45240	1.200	1.150	0.000
45241	1.200	1.150	0.100
45242	1.200	1.150	0.200
45243	1.200	1.150	0.300
45244	1.200	1.150	0.400
45245	1.200	1.150	0.500
45246	1.200	1.150	0.600
45247	1.200	1.150	0.700
45248	1.200	1.150	0.800
45249	1.200	1.150	0.900
45250	1.200	1.200	0.000
45251	1.200	1.200	0.100
45252	1.200	1.200	0.200
45253	1.200	1.200	0.300
45254	1.200	1.200	0.400
45255	1.200	1.200	0.500
45256	1.200	1.200	0.600
45257	1.200	1.200	0.700
45258	1.200	1.200	0.800
45259	1.200	1.200	0.900
45260	1.200	1.250	0.000
45261	1.200	1.250	0.100
45262	1.200	1.250	0.200
45263	1.200	1.250	0.300
45264	1.200	1.250	0.400
45265	1.200	1.250	0.500
45266	1.200	1.250	0.600
45267	1.200	1.250	0.700
45268	1.200	1.250	0.800
45269	1.200	1.250	0.900
45270	1.200	1.300	0.000
45271	1.200	1.300	0.100
45272	1.200	1.300	0.200
45273	1.200	1.300	0.300
45274	1.200	1.300	0.400
45275	1.200	1.300	0.500
45276	1.200	1.300	0.600
45277	1.200	1.300	0.700
45278	1.200	1.300	0.800
45279	1.200	1.300	0.900
45280	1.200	1.350	0.000
45281	1.200	1.350	0.100
45282	1.200	1.350	0.200
45283	1.200	1.350	0.300
45284	1.200	1.350	0.400
45285	1.200	1.350	0.500
45286	1.200	1.350	0.600
45287	1.200	1.350	0.700
45288	1.200	1.350	0.800
45289	1.200	1.350	0.900
45290	1.200	1.400	0.000
45291	1.200	1.400	0.100
45292	1.200	1.400	0.200
45293	1.200	1.400	0.300
45294	1.200	1.400	0.400
45295	1.200	1.400	0.500
45296	1.200	1.400	0.600
45297	1.200	1.400	0.700
45298	1.200	1.400	0.800
45299	1.200	1.400	0.900
45300	1.200	1.450	0.000
45301	1.200	1.450	0.100
45302	1.200	1.450	0.200
45303	1.200	1.450	0.300
45304	1.200	1.450	0.400
45305	1.200	1.450	0.500
45306	1.200	1.450	0.600
45307	1.200	1.450	0.700
45308	1.200	1.450	0.800
45309	1.200	1.450	0.900
45360	1.250	1.150	0.000
45361	1.250	1.150	0.100
45362	1.250	1.150	0.200
45363	1.250	1.150	0.300
45364	1.250	1.150	0.400
45365	1.250	1.150	0.500
45366	1.250	1.150	0.600
45367	1.250	1.150	0.700
45368	1.250	1.150	0.800
45369	1.250	1.150	0.900
45370	1.250	1.250	0.000
45371	1.250	1.250	0.100
45372	1.250	1.250	0.200
45373	1.250	1.250	0.300
45374	1.250	1.250	0.400
45375	1.250	1.250	0.500
45376	1.250	1.250	0.600
45377	1.250	1.250	0.700
45378	1.250	1.250	0.800
45379	1.250	1.250	0.900
45380	1.250	1.350	0.000
45381	1.250	1.350	0.100
45382	1.250	1.350	0.200
45383	1.250	1.350	0.300
45384	1.250	1.350	0.400
45385	1.250	1.350	0.500
45386	1.250	1.350	0.600
45387	1.250	1.350	0.700
45388	1.250	1.350	0.800
45389	1.250	1.350	0.900
45390	1.250	1.450	0.000
45391	1.250	1.450	0.100
45392	1.250	1.450	0.200
45393	1.250	1.450	0.300
45394	1.250	1.450	0.400
45395	1.250	1.450	0.500
45396	1.250	1.450	0.600
45397	1.250	1.450	0.700
45398	1.250	1.450	0.800
45399	1.250	1.450	0.900
45420	1.300	1.150	0.000
45421	1.300	1.150	0.100
45422	1.300	1.150	0.200
45423	1.300	1.150	0.300
45424	1.300	1.150	0.400
45425	1.300	1.150	0.500
45426	1.300	1.150	0.600
45427	1.300	1.150	0.700
45428	1.300	1.150	0.800
45429	1.300	1.150	0.900
45430	1.300	1.200	0.000
45431	1.300	1.200	0.100
45432	1.300	1.200	0.200
45433	1.300	1.200	0.300
45434	1.300	1.200	0.400
45435	1.300	1.200	0.500
45436	1.300	1.200	0.600
45437	1.300	1.200	0.700
45438	1.300	1.200	0.800
45439	1.300	1.200	0.900
45440	1.300	1.250	0.000
45441	1.300	1.250	0.100
45442	1.300	1.250	0.200
45443	1.300	1.250	0.300
45444	1.300	1.250	0.400
45445	1.300	1.250	0.500
45446	1.300	1.250	0.600
45447	1.300	1.250	0.700
45448	1.300	1.250	0.800
45449	1.300	1.250	0.900
45450	1.300	1.300	0.000
45451	1.300	1.300	0.100
45452	1.300	1.300	0.200
45453	1.300	1.300	0.300
45454	1.300	1.300	0.400
45455	1.300	1.300	0.500
45456	1.300	1.300	0.600
45457	1.300	1.300	0.700
45458	1.300	1.300	0.800
45459	1.300	1.300	0.900
45460	1.300	1.350	0.000
45461	1.300	1.350	0.100
45462	1.300	1.350	0.200
45463	1.300	1.350	0.300
45464	1.300	1.350	0.400
45465	1.300	1.350	0.500
45466	1.300	1.350	0.600
45467	1.300	1.350	0.700
45468	1.300	1.350	0.800
45469	1.300	1.350	0.900
45470	1.300	1.400	0.000
45471	1.300	1.400	0.100
45472	1.300	1.400	0.200
45473	1.300	1.400	0.300
45474	1.300	1.400	0.400
45475	1.300	1.400	0.500
45476	1.300	1.400	0.600
45477	1.300	1.400	0.700
45478	1.300	1.400	0.800
45479	1.300	1.400	0.900
45480	1.300	1.450	0.000
45481	1.300	1.450	0.100
45482	1.300	1.450	0.200
45483	1.300	1.450	0.300
45484	1.300	1.450	0.400
45485	1.300	1.450	0.500
45486	1.300	1.450	0.600
45487	1.300	1.450	0.700
45488	1.300	1.450	0.800
45489	1.300	1.450	0.900
45490	1.300	1.500	0.000
45491	1.300	1.500	0.100
45492	1.300	1.500	0.200
45493	1.300	1.500	0.300
45494	1.300	1.500	0.400
45495	1.300	1.500	0.500
45496	1.300	1.500	0.600
45497	1.300	1.500	0.700
45498	1.300	1.500	0.800
45499	1.300	1.500	0.900
45500	1.300	1.550	0.000
45501	1.300	1.550	0.100
45502	1.300	1.550	0.200
45503	1.300	1.550	0.300
45504	1.300	1.550	0.400
45505	1.300	1.550	0.500
45506	1.300	1.550	0.600
45507	1.300	1.550	0.700
45508	1.300	1.550	0.800
45509	1.300	1.550	0.900
45540	1.350	1.150	0.000
45541	1.350	1.150	0.100
45542	1.350	1.150	0.200
45543	1.350	1.150	0.300
45544	1.350	1.150	0.400
45545	1.350	1.150	0.500
45546	1.350	1.150	0.600
45547	1.350	1.150	0.700
45548	1.350	1.150	0.800
45549	1.350	1.150	0.900
45550	1.350	1.250	0.000
45551	1.350	1.250	0.100
45552	1.350	1.250	0.200
45553	1.350	1.250	0.300
45554	1.350	1.250	0.400
45555	1.350	1.250	0.500
45556	1.350	1.250	0.600
45557	1.350	1.250	0.700
45558	1.350	1.250	0.800
45559	1.350	1.250	0.900
45560	1.350	1.350	0.000
45561	1.350	1.350	0.100
45562	1.350	1.350	0.200
45563	1.350	1.350	0.300
45564	1.350	1.350	0.400
45565	1.350	1.350	0.500
45566	1.350	1.350	0.600
45567	1.350	1.350	0.700
45568	1.350	1.350	0.800
45569	1.350	1.350	0.900
45570	1.350	1.450	0.000
45571	1.350	1.450	0.100
45572	1.350	1.450	0.200
45573	1.350	1.450	0.300
45574	1.350	1.450	0.400
45575	1.350	1.450	0.500
45576	1.350	1.450	0.600
45577	1.350	1.450	0.700
45578	1.350	1.450	0.800
45579	1.350	1.450	0.900
45580	1.350	1.550	0.000
45581	1.350	1.550	0.100
45582	1.350	1.550	0.200
45583	1.350	1.550	0.300
45584	1.350	1.550	0.400
45585	1.350	1.550	0.500
45586	1.350	1.550	0.600
45587	1.350	1.550	0.700
45588	1.350	1.550	0.800
45589	1.350	1.550	0.900
45590	1.350	1.650	0.000
45591	1.350	1.650	0.100
45592	1.350	1.650	0.200
45593	1.350	1.650	0.300
45594	1.350	1.650	0.400
45595	1.350	1.650	0.500
45596	1.350	1.650	0.600
45597	1.350	1.650	0.700
45598	1.350	1.650	0.800
45599	1.350	1.650	0.900
45600	1.400	1.150	0.000
45601	1.400	1.150	0.100
45602	1.400	1.150	0.200
45603	1.400	1.150	0.300
45604	1.400	1.150	0.400
45605	1.400	1.150	0.500
45606	1.400	1.150	0.600
45607	1.400	1.150	0.700
45608	1.400	1.150	0.800
45609	1.400	1.150	0.900
45610	1.400	1.200	0.000
45611	1.400	1.200	0.100
45612	1.400	1.200	0.200
45613	1.400	1.200	0.300
45614	1.400	1.200	0.400
45615	1.400	1.200	0.500
45616	1.400	1.200	0.600
45617	1.400	1.200	0.700
45618	1.400	1.200	0.800
45619	1.400	1.200	0.900
45620	1.400	1.250	0.000
45621	1.400	1.250	0.100
45622	1.400	1.250	0.200
45623	1.400	1.250	0.300
45624	1.400	1.250	0.400
45625	1.400	1.250	0.500
45626	1.400	1.250	0.600
45627	1.400	1.250	0.700
45628	1.400	1.250	0.800
45629	1.400	1.250	0.900
45630	1.400	1.300	0.000
45631	1.400	1.300	0.100
45632	1.400	1.300	0.200
45633	1.400	1.300	0.300
45634	1.400	1.300	0.400
45635	1.400	1.300	0.500
45636	1.400	1.300	0.600
45637	1.400	1.300	0.700
45638	1.400	1.300	0.800
45639	1.400	1.300	0.900
45640	1.400	1.350	0.000
45641	1.400	1.350	0.100
45642	1.400	1.350	0.200
45643	1.400	1.350	0.300
45644	1.400	1.350	0.400
45645	1.400	1.350	0.500
45646	1.400	1.350	0.600
45647	1.400	1.350	0.700
45648	1.400	1.350	0.800
45649	1.400	1.350	0.900
45650	1.400	1.400	0.000
45651	1.400	1.400	0.100
45652	1.400	1.400	0.200
45653	1.400	1.400	0.300
45654	1.400	1.400	0.400
45655	1.400	1.400	0.500
45656	1.400	1.400	0.600
45657	1.400	1.400	0.700
45658	1.400	1.400	0.800
45659	1.400	1.400	0.900
45660	1.400	1.450	0.000
45661	1.400	1.450	0.100
45662	1.400	1.450	0.200
45663	1.400	1.450	0.300
45664	1.400	1.450	0.400
45665	1.400	1.450	0.500
45666	1.400	1.450	0.600
45667	1.400	1.450	0.700
45668	1.400	1.450	0.800
45669	1.400	1.450	0.900
45670	1.400	1.500	0.000
45671	1.400	1.500	0.100
45672	1.400	1.500	0.200
45673	1.400	1.500	0.300
45674	1.400	1.500	0.400
45675	1.400	1.500	0.500
45676	1.400	1.500	0.600
45677	1.400	1.500	0.700
45678	1.400	1.500	0.800
45679	1.400	1.500	0.900
45680	1.400	1.550	0.000
45681	1.400	1.550	0.100
45682	1.400	1.550	0.200
45683	1.400	1.550	0.300
45684	1.400	1.550	0.400
45685	1.400	1.550	0.500
45686	1.400	1.550	0.600
45687	1.400	1.550	0.700
45688	1.400	1.550	0.800
45689	1.400	1.550	0.900
45690	1.400	1.600	0.000
45691	1.400	1.600	0.100
45692	1.400	1.600	0.200
45693	1.400	1.600	0.300
45694	1.400	1.600	0.400
45695	1.400	1.600	0.500
45696	1.400	1.600	0.600
45697	1.400	1.600	0.700
45698	1.400	1.600	0.800
45699	1.400	1.600	0.900
45700	1.400	1.650	0.000
45701	1.400	1.650	0.100
45702	1.400	1.650	0.200
45703	1.400	1.650	0.300
45704	1.400	1.650	0.400
45705	1.400	1.650	0.500
45706	1.400	1.650	0.600
45707	1.400	1.650	0.700
45708	1.400	1.650	0.800
45709	1.400	1.650	0.900
45730	1.450	1.250	0.000
45731	1.450	1.250	0.100
45732	1.450	1.250	0.200
45733	1.450	1.250	0.300
45734	1.450	1.250	0.400
45735	1.450	1.250	0.500
45736	1.450	1.250	0.600
45737	1.450	1.250	0.700
45738	1.450	1.250	0.800
45739	1.450	1.250	0.900
45740	1.450	1.350	0.000
45741	1.450	1.350	0.100
45742	1.450	1.350	0.200
45743	1.450	1.350	0.300
45744	1.450	1.350	0.400
45745	1.450	1.350	0.500
45746	1.450	1.350	0.600
45747	1.450	1.350	0.700
45748	1.450	1.350	0.800
45749	1.450	1.350	0.900
45750	1.450	1.450	0.000
45751	1.450	1.450	0.100
45752	1.450	1.450	0.200
45753	1.450	1.450	0.300
45754	1.450	1.450	0.400
45755	1.450	1.450	0.500
45756	1.450	1.450	0.600
45757	1.450	1.450	0.700
45758	1.450	1.450	0.800
45759	1.450	1.450	0.900
45760	1.450	1.550	0.000
45761	1.450	1.550	0.100
45762	1.450	1.550	0.200
45763	1.450	1.550	0.300
45764	1.450	1.550	0.400
45765	1.450	1.550	0.500
45766	1.450	1.550	0.600
45767	1.450	1.550	0.700
45768	1.450	1.550	0.800
45769	1.450	1.550	0.900
45770	1.450	1.650	0.000
45771	1.450	1.650	0.100
45772	1.450	1.650	0.200
45773	1.450	1.650	0.300
45774	1.450	1.650	0.400
45775	1.450	1.650	0.500
45776	1.450	1.650	0.600
45777	1.450	1.650	0.700
45778	1.450	1.650	0.800
45779	1.450	1.650	0.900
45800	1.500	1.250	0.000
45801	1.500	1.250	0.100
45802	1.500	1.250	0.200
45803	1.500	1.250	0.300
45804	1.500	1.250	0.400
45805	1.500	1.250	0.500
45806	1.500	1.250	0.600
45807	1.500	1.250	0.700
45808	1.500	1.250	0.800
45809	1.500	1.250	0.900
45810	1.500	1.300	0.000
45811	1.500	1.300	0.100
45812	1.500	1.300	0.200
45813	1.500	1.300	0.300
45814	1.500	1.300	0.400
45815	1.500	1.300	0.500
45816	1.500	1.300	0.600
45817	1.500	1.300	0.700
45818	1.500	1.300	0.800
45819	1.500	1.300	0.900
45820	1.500	1.350	0.000
45821	1.500	1.350	0.100
45822	1.500	1.350	0.200
45823	1.500	1.350	0.300
45824	1.500	1.350	0.400
45825	1.500	1.350	0.500
45826	1.500	1.350	0.600
45827	1.500	1.350	0.700
45828	1.500	1.350	0.800
45829	1.500	1.350	0.900
45830	1.500	1.400	0.000
45831	1.500	1.400	0.100
45832	1.500	1.400	0.200
45833	1.500	1.400	0.300
45834	1.500	1.400	0.400
45835	1.500	1.400	0.500
45836	1.500	1.400	0.600
45837	1.500	1.400	0.700
45838	1.500	1.400	0.800
45839	1.500	1.400	0.900
45840	1.500	1.450	0.000
45841	1.500	1.450	0.100
45842	1.500	1.450	0.200
45843	1.500	1.450	0.300
45844	1.500	1.450	0.400
45845	1.500	1.450	0.500
45846	1.500	1.450	0.600
45847	1.500	1.450	0.700
45848	1.500	1.450	0.800
45849	1.500	1.450	0.900
45850	1.500	1.500	0.000
45851	1.500	1.500	0.100
45852	1.500	1.500	0.200
45853	1.500	1.500	0.300
45854	1.500	1.500	0.400
45855	1.500	1.500	0.500
45856	1.500	1.500	0.600
45857	1.500	1.500	0.700
45858	1.500	1.500	0.800
45859	1.500	1.500	0.900
45860	1.500	1.550	0.000
45861	1.500	1.550	0.100
45862	1.500	1.550	0.200
45863	1.500	1.550	0.300
45864	1.500	1.550	0.400
45865	1.500	1.550	0.500
45866	1.500	1.550	0.600
45867	1.500	1.550	0.700
45868	1.500	1.550	0.800
45869	1.500	1.550	0.900
45870	1.500	1.600	0.000
45871	1.500	1.600	0.100
45872	1.500	1.600	0.200
45873	1.500	1.600	0.300
45874	1.500	1.600	0.400
45875	1.500	1.600	0.500
45876	1.500	1.600	0.600
45877	1.500	1.600	0.700
45878	1.500	1.600	0.800
45879	1.500	1.600	0.900
45880	1.500	1.650	0.000
45881	1.500	1.650	0.100
45882	1.500	1.650	0.200
45883	1.500	1.650	0.300
45884	1.500	1.650	0.400
45885	1.500	1.650	0.500
45886	1.500	1.650	0.600
45887	1.500	1.650	0.700
45888	1.500	1.650	0.800
45889	1.500	1.650	0.900
45890	1.500	1.700	0.000
45891	1.500	1.700	0.100
45892	1.500	1.700	0.200
45893	1.500	1.700	0.300
45894	1.500	1.700	0.400
45895	1.500	1.700	0.500
45896	1.500	1.700	0.600
45897	1.500	1.700	0.700
45898	1.500	1.700	0.800
45899	1.500	1.700	0.900
45920	1.550	1.350	0.000
45921	1.550	1.350	0.100
45922	1.550	1.350	0.200
45923	1.550	1.350	0.300
45924	1.550	1.350	0.400
45925	1.550	1.350	0.500
45926	1.550	1.350	0.600
45927	1.550	1.350	0.700
45928	1.550	1.350	0.800
45929	1.550	1.350	0.900
45930	1.550	1.450	0.000
45931	1.550	1.450	0.100
45932	1.550	1.450	0.200
45933	1.550	1.450	0.300
45934	1.550	1.450	0.400
45935	1.550	1.450	0.500
45936	1.550	1.450	0.600
45937	1.550	1.450	0.700
45938	1.550	1.450	0.800
45939	1.550	1.450	0.900
45940	1.550	1.550	0.000
45941	1.550	1.550	0.100
45942	1.550	1.550	0.200
45943	1.550	1.550	0.300
45944	1.550	1.550	0.400
45945	1.550	1.550	0.500
45946	1.550	1.550	0.600
45947	1.550	1.550	0.700
45948	1.550	1.550	0.800
45949	1.550	1.550	0.900
45950	1.550	1.650	0.000
45951	1.550	1.650	0.100
45952	1.550	1.650	0.200
45953	1.550	1.650	0.300
45954	1.550	1.650	0.400
45955	1.550	1.650	0.500
45956	1.550	1.650	0.600
45957	1.550	1.650	0.700
45958	1.550	1.650	0.800
45959	1.550	1.650	0.900
46000	1.600	1.350	0.000
46001	1.600	1.350	0.100
46002	1.600	1.350	0.200
46003	1.600	1.350	0.300
46004	1.600	1.350	0.400
46005	1.600	1.350	0.500
46006	1.600	1.350	0.600
46007	1.600	1.350	0.700
46008	1.600	1.350	0.800
46009	1.600	1.350	0.900
46010	1.600	1.400	0.000
46011	1.600	1.400	0.100
46012	1.600	1.400	0.200
46013	1.600	1.400	0.300
46014	1.600	1.400	0.400
46015	1.600	1.400	0.500
46016	1.600	1.400	0.600
46017	1.600	1.400	0.700
46018	1.600	1.400	0.800
46019	1.600	1.400	0.900
46020	1.600	1.450	0.000
46021	1.600	1.450	0.100
46022	1.600	1.450	0.200
46023	1.600	1.450	0.300
46024	1.600	1.450	0.400
46025	1.600	1.450	0.500
46026	1.600	1.450	0.600
46027	1.600	1.450	0.700
46028	1.600	1.450	0.800
46029	1.600	1.450	0.900
46030	1.600	1.500	0.000
46031	1.600	1.500	0.100
46032	1.600	1.500	0.200
46033	1.600	1.500	0.300
46034	1.600	1.500	0.400
46035	1.600	1.500	0.500
46036	1.600	1.500	0.600
46037	1.600	1.500	0.700
46038	1.600	1.500	0.800
46039	1.600	1.500	0.900
46040	1.600	1.550	0.000
46041	1.600	1.550	0.100
46042	1.600	1.550	0.200
46043	1.600	1.550	0.300
46044	1.600	1.550	0.400
46045	1.600	1.550	0.500
46046	1.600	1.550	0.600
46047	1.600	1.550	0.700
46048	1.600	1.550	0.800
46049	1.600	1.550	0.900
46050	1.600	1.600	0.000
46051	1.600	1.600	0.100
46052	1.600	1.600	0.200
46053	1.600	1.600	0.300
46054	1.600	1.600	0.400
46055	1.600	1.600	0.500
46056	1.600	1.600	0.600
46057	1.600	1.600	0.700
46058	1.600	1.600	0.800
46059	1.600	1.600	0.900
46060	1.600	1.650	0.000
46061	1.600	1.650	0.100
46062	1.600	1.650	0.200
46063	1.600	1.650	0.300
46064	1.600	1.650	0.400
46065	1.600	1.650	0.500
46066	1.600	1.650	0.600
46067	1.600	1.650	0.700
46068	1.600	1.650	0.800
46069	1.600	1.650	0.900
46070	1.600	1.700	0.000
46071	1.600	1.700	0.100
46072	1.600	1.700	0.200
46073	1.600	1.700	0.300
46074	1.600	1.700	0.400
46075	1.600	1.700	0.500
46076	1.600	1.700	0.600
46077	1.600	1.700	0.700
46078	1.600	1.700	0.800
46079	1.600	1.700	0.900
46100	1.650	1.350	0.000
46101	1.650	1.350	0.100
46102	1.650	1.350	0.200
46103	1.650	1.350	0.300
46104	1.650	1.350	0.400
46105	1.650	1.350	0.500
46106	1.650	1.350	0.600
46107	1.650	1.350	0.700
46108	1.650	1.350	0.800
46109	1.650	1.350	0.900
46110	1.650	1.450	0.000
46111	1.650	1.450	0.100
46112	1.650	1.450	0.200
46113	1.650	1.450	0.300
46114	1.650	1.450	0.400
46115	1.650	1.450	0.500
46116	1.650	1.450	0.600
46117	1.650	1.450	0.700
46118	1.650	1.450	0.800
46119	1.650	1.450	0.900
46120	1.650	1.550	0.000
46121	1.650	1.550	0.100
46122	1.650	1.550	0.200
46123	1.650	1.550	0.300
46124	1.650	1.550	0.400
46125	1.650	1.550	0.500
46126	1.650	1.550	0.600
46127	1.650	1.550	0.700
46128	1.650	1.550	0.800
46129	1.650	1.550	0.900
46130	1.650	1.650	0.000
46131	1.650	1.650	0.100
46132	1.650	1.650	0.200
46133	1.650	1.650	0.300
46134	1.650	1.650	0.400
46135	1.650	1.650	0.500
46136	1.650	1.650	0.600
46137	1.650	1.650	0.700
46138	1.650	1.650	0.800
46139	1.650	1.650	0.900
46140	0.700	0.550	0.000
46141	0.700	0.550	0.100
46142	0.700	0.550	0.200
46143	0.700	0.550	0.300
46144	0.700	0.550	0.400
46145	0.700	0.550	0.500
46146	0.700	0.550	0.600
46147	0.700	0.550	0.700
46148	0.700	0.550	0.800
46149	0.700	0.550	0.900
46150	0.700	0.600	0.000
46151	0.700	0.600	0.100
46152	0.700	0.600	0.200
46153	0.700	0.600	0.300
46154	0.700	0.600	0.400
46155	0.700	0.600	0.500
46156	0.700	0.600	0.600
46157	0.700	0.600	0.700
46158	0.700	0.600	0.800
46159	0.700	0.600	0.900
46160	0.700	0.800	0.000
46161	0.700	0.800	0.100
46162	0.700	0.800	0.200
46163	0.700	0.800	0.300
46164	0.700	0.800	0.400
46165	0.700	0.800	0.500
46166	0.700	0.800	0.600
46167	0.700	0.800	0.700
46168	0.700	0.800	0.800
46169	0.700	0.800	0.900
46170	0.700	0.850	0.000
46171	0.700	0.850	0.100
46172	0.700	0.850	0.200
46173	0.700	0.850	0.300
46174	0.700	0.850	0.400
46175	0.700	0.850	0.500
46176	0.700	0.850	0.600
46177	0.700	0.850	0.700
46178	0.700	0.850	0.800
46179	0.700	0.850	0.900
46180	0.700	0.900	0.000
46181	0.700	0.900	0.100
46182	0.700	0.900	0.200
46183	0.700	0.900	0.300
46184	0.700	0.900	0.400
46185	0.700	0.900	0.500
46186	0.700	0.900	0.600
46187	0.700	0.900	0.700
46188	0.700	0.900	0.800
46189	0.700	0.900	0.900
46190	0.700	0.950	0.000
46191	0.700	0.950	0.100
46192	0.700	0.950	0.200
46193	0.700	0.950	0.300
46194	0.700	0.950	0.400
46195	0.700	0.950	0.500
46196	0.700	0.950	0.600
46197	0.700	0.950	0.700
46198	0.700	0.950	0.800
46199	0.700	0.950	0.900
46230	0.750	0.550	0.000
46231	0.750	0.550	0.100
46232	0.750	0.550	0.200
46233	0.750	0.550	0.300
46234	0.750	0.550	0.400
46235	0.750	0.550	0.500
46236	0.750	0.550	0.600
46237	0.750	0.550	0.700
46238	0.750	0.550	0.800
46239	0.750	0.550	0.900
46240	0.750	0.650	0.000
46241	0.750	0.650	0.100
46242	0.750	0.650	0.200
46243	0.750	0.650	0.300
46244	0.750	0.650	0.400
46245	0.750	0.650	0.500
46246	0.750	0.650	0.600
46247	0.750	0.650	0.700
46248	0.750	0.650	0.800
46249	0.750	0.650	0.900
46250	0.750	0.750	0.000
46251	0.750	0.750	0.100
46252	0.750	0.750	0.200
46253	0.750	0.750	0.300
46254	0.750	0.750	0.400
46255	0.750	0.750	0.500
46256	0.750	0.750	0.600
46257	0.750	0.750	0.700
46258	0.750	0.750	0.800
46259	0.750	0.750	0.900
46260	0.750	0.850	0.000
46261	0.750	0.850	0.100
46262	0.750	0.850	0.200
46263	0.750	0.850	0.300
46264	0.750	0.850	0.400
46265	0.750	0.850	0.500
46266	0.750	0.850	0.600
46267	0.750	0.850	0.700
46268	0.750	0.850	0.800
46269	0.750	0.850	0.900
46280	0.800	0.550	0.000
46281	0.800	0.550	0.100
46282	0.800	0.550	0.200
46283	0.800	0.550	0.300
46284	0.800	0.550	0.400
46285	0.800	0.550	0.500
46286	0.800	0.550	0.600
46287	0.800	0.550	0.700
46288	0.800	0.550	0.800
46289	0.800	0.550	0.900
46290	0.800	0.600	0.000
46291	0.800	0.600	0.100
46292	0.800	0.600	0.200
46293	0.800	0.600	0.300
46294	0.800	0.600	0.400
46295	0.800	0.600	0.500
46296	0.800	0.600	0.600
46297	0.800	0.600	0.700
46298	0.800	0.600	0.800
46299	0.800	0.600	0.900
46300	0.800	0.650	0.000
46301	0.800	0.650	0.100
46302	0.800	0.650	0.200
46303	0.800	0.650	0.300
46304	0.800	0.650	0.400
46305	0.800	0.650	0.500
46306	0.800	0.650	0.600
46307	0.800	0.650	0.700
46308	0.800	0.650	0.800
46309	0.800	0.650	0.900
46310	0.800	0.700	0.000
46311	0.800	0.700	0.100
46312	0.800	0.700	0.200
46313	0.800	0.700	0.300
46314	0.800	0.700	0.400
46315	0.800	0.700	0.500
46316	0.800	0.700	0.600
46317	0.800	0.700	0.700
46318	0.800	0.700	0.800
46319	0.800	0.700	0.900
46320	0.800	0.750	0.000
46321	0.800	0.750	0.100
46322	0.800	0.750	0.200
46323	0.800	0.750	0.300
46324	0.800	0.750	0.400
46325	0.800	0.750	0.500
46326	0.800	0.750	0.600
46327	0.800	0.750	0.700
46328	0.800	0.750	0.800
46329	0.800	0.750	0.900
46330	0.800	0.800	0.000
46331	0.800	0.800	0.100
46332	0.800	0.800	0.200
46333	0.800	0.800	0.300
46334	0.800	0.800	0.400
46335	0.800	0.800	0.500
46336	0.800	0.800	0.600
46337	0.800	0.800	0.700
46338	0.800	0.800	0.800
46339	0.800	0.800	0.900
46340	0.800	0.850	0.000
46341	0.800	0.850	0.100
46342	0.800	0.850	0.200
46343	0.800	0.850	0.300
46344	0.800	0.850	0.400
46345	0.800	0.850	0.500
46346	0.800	0.850	0.600
46347	0.800	0.850	0.700
46348	0.800	0.850	0.800
46349	0.800	0.850	0.900
46350	0.800	0.900	0.000
46351	0.800	0.900	0.100
46352	0.800	0.900	0.200
46353	0.800	0.900	0.300
46354	0.800	0.900	0.400
46355	0.800	0.900	0.500
46356	0.800	0.900	0.600
46357	0.800	0.900	0.700
46358	0.800	0.900	0.800
46359	0.800	0.900	0.900
46360	0.800	0.950	0.000
46361	0.800	0.950	0.100
46362	0.800	0.950	0.200
46363	0.800	0.950	0.300
46364	0.800	0.950	0.400
46365	0.800	0.950	0.500
46366	0.800	0.950	0.600
46367	0.800	0.950	0.700
46368	0.800	0.950	0.800
46369	0.800	0.950	0.900
46370	0.800	1.000	0.000
46371	0.800	1.000	0.100
46372	0.800	1.000	0.200
46373	0.800	1.000	0.300
46374	0.800	1.000	0.400
46375	0.800	1.000	0.500
46376	0.800	1.000	0.600
46377	0.800	1.000	0.700
46378	0.800	1.000	0.800
46379	0.800	1.000	0.900
46380	0.800	1.050	0.000
46381	0.800	1.050	0.100
46382	0.800	1.050	0.200
46383	0.800	1.050	0.300
46384	0.800	1.050	0.400
46385	0.800	1.050	0.500
46386	0.800	1.050	0.600
46387	0.800	1.050	0.700
46388	0.800	1.050	0.800
46389	0.800	1.050	0.900
46410	0.850	0.650	0.000
46411	0.850	0.650	0.100
46412	0.850	0.650	0.200
46413	0.850	0.650	0.300
46414	0.850	0.650	0.400
46415	0.850	0.650	0.500
46416	0.850	0.650	0.600
46417	0.850	0.650	0.700
46418	0.850	0.650	0.800
46419	0.850	0.650	0.900
46420	0.850	0.750	0.000
46421	0.850	0.750	0.100
46422	0.850	0.750	0.200
46423	0.850	0.750	0.300
46424	0.850	0.750	0.400
46425	0.850	0.750	0.500
46426	0.850	0.750	0.600
46427	0.850	0.750	0.700
46428	0.850	0.750	0.800
46429	0.850	0.750	0.900
46430	0.850	0.850	0.000
46431	0.850	0.850	0.100
46432	0.850	0.850	0.200
46433	0.850	0.850	0.300
46434	0.850	0.850	0.400
46435	0.850	0.850	0.500
46436	0.850	0.850	0.600
46437	0.850	0.850	0.700
46438	0.850	0.850	0.800
46439	0.850	0.850	0.900
46440	0.850	0.950	0.000
46441	0.850	0.950	0.100
46442	0.850	0.950	0.200
46443	0.850	0.950	0.300
46444	0.850	0.950	0.400
46445	0.850	0.950	0.500
46446	0.850	0.950	0.600
46447	0.850	0.950	0.700
46448	0.850	0.950	0.800
46449	0.850	0.950	0.900
46450	0.850	1.050	0.000
46451	0.850	1.050	0.100
46452	0.850	1.050	0.200
46453	0.850	1.050	0.300
46454	0.850	1.050	0.400
46455	0.850	1.050	0.500
46456	0.850	1.050	0.600
46457	0.850	1.050	0.700
46458	0.850	1.050	0.800
46459	0.850	1.050	0.900
46480	0.900	0.650	0.000
46481	0.900	0.650	0.100
46482	0.900	0.650	0.200
46483	0.900	0.650	0.300
46484	0.900	0.650	0.400
46485	0.900	0.650	0.500
46486	0.900	0.650	0.600
46487	0.900	0.650	0.700
46488	0.900	0.650	0.800
46489	0.900	0.650	0.900
46490	0.900	0.700	0.000
46491	0.900	0.700	0.100
46492	0.900	0.700	0.200
46493	0.900	0.700	0.300
46494	0.900	0.700	0.400
46495	0.900	0.700	0.500
46496	0.900	0.700	0.600
46497	0.900	0.700	0.700
46498	0.900	0.700	0.800
46499	0.900	0.700	0.900
46500	0.900	0.750	0.000
46501	0.900	0.750	0.100
46502	0.900	0.750	0.200
46503	0.900	0.750	0.300
46504	0.900	0.750	0.400
46505	0.900	0.750	0.500
46506	0.900	0.750	0.600
46507	0.900	0.750	0.700
46508	0.900	0.750	0.800
46509	0.900	0.750	0.900
46510	0.900	0.800	0.000
46511	0.900	0.800	0.100
46512	0.900	0.800	0.200
46513	0.900	0.800	0.300
46514	0.900	0.800	0.400
46515	0.900	0.800	0.500
46516	0.900	0.800	0.600
46517	0.900	0.800	0.700
46518	0.900	0.800	0.800
46519	0.900	0.800	0.900
46520	0.900	0.900	0.000
46521	0.900	0.900	0.100
46522	0.900	0.900	0.200
46523	0.900	0.900	0.300
46524	0.900	0.900	0.400
46525	0.900	0.900	0.500
46526	0.900	0.900	0.600
46527	0.900	0.900	0.700
46528	0.900	0.900	0.800
46529	0.900	0.900	0.900
46530	0.900	0.950	0.000
46531	0.900	0.950	0.100
46532	0.900	0.950	0.200
46533	0.900	0.950	0.300
46534	0.900	0.950	0.400
46535	0.900	0.950	0.500
46536	0.900	0.950	0.600
46537	0.900	0.950	0.700
46538	0.900	0.950	0.800
46539	0.900	0.950	0.900
46540	0.900	1.000	0.000
46541	0.900	1.000	0.100
46542	0.900	1.000	0.200
46543	0.900	1.000	0.300
46544	0.900	1.000	0.400
46545	0.900	1.000	0.500
46546	0.900	1.000	0.600
46547	0.900	1.000	0.700
46548	0.900	1.000	0.800
46549	0.900	1.000	0.900
46550	0.900	1.050	0.000
46551	0.900	1.050	0.100
46552	0.900	1.050	0.200
46553	0.900	1.050	0.300
46554	0.900	1.050	0.400
46555	0.900	1.050	0.500
46556	0.900	1.050	0.600
46557	0.900	1.050	0.700
46558	0.900	1.050	0.800
46559	0.900	1.050	0.900
46560	0.900	1.100	0.000
46561	0.900	1.100	0.100
46562	0.900	1.100	0.200
46563	0.900	1.100	0.300
46564	0.900	1.100	0.400
46565	0.900	1.100	0.500
46566	0.900	1.100	0.600
46567	0.900	1.100	0.700
46568	0.900	1.100	0.800
46569	0.900	1.100	0.900
46580	0.950	0.650	0.000
46581	0.950	0.650	0.100
46582	0.950	0.650	0.200
46583	0.950	0.650	0.300
46584	0.950	0.650	0.400
46585	0.950	0.650	0.500
46586	0.950	0.650	0.600
46587	0.950	0.650	0.700
46588	0.950	0.650	0.800
46589	0.950	0.650	0.900
46590	0.950	0.750	0.000
46591	0.950	0.750	0.100
46592	0.950	0.750	0.200
46593	0.950	0.750	0.300
46594	0.950	0.750	0.400
46595	0.950	0.750	0.500
46596	0.950	0.750	0.600
46597	0.950	0.750	0.700
46598	0.950	0.750	0.800
46599	0.950	0.750	0.900
46600	0.950	0.850	0.000
46601	0.950	0.850	0.100
46602	0.950	0.850	0.200
46603	0.950	0.850	0.300
46604	0.950	0.850	0.400
46605	0.950	0.850	0.500
46606	0.950	0.850	0.600
46607	0.950	0.850	0.700
46608	0.950	0.850	0.800
46609	0.950	0.850	0.900
46610	0.950	0.950	0.000
46611	0.950	0.950	0.100
46612	0.950	0.950	0.200
46613	0.950	0.950	0.300
46614	0.950	0.950	0.400
46615	0.950	0.950	0.500
46616	0.950	0.950	0.600
46617	0.950	0.950	0.700
46618	0.950	0.950	0.800
46619	0.950	0.950	0.900
46620	0.950	1.050	0.000
46621	0.950	1.050	0.100
46622	0.950	1.050	0.200
46623	0.950	1.050	0.300
46624	0.950	1.050	0.400
46625	0.950	1.050	0.500
46626	0.950	1.050	0.600
46627	0.950	1.050	0.700
46628	0.950	1.050	0.800
46629	0.950	1.050	0.900
46660	1.000	0.750	0.000
46661	1.000	0.750	0.100
46662	1.000	0.750	0.200
46663	1.000	0.750	0.300
46664	1.000	0.750	0.400
46665	1.000	0.750	0.500
46666	1.000	0.750	0.600
46667	1.000	0.750	0.700
46668	1.000	0.750	0.800
46669	1.000	0.750	0.900
46670	1.000	0.800	0.000
46671	1.000	0.800	0.100
46672	1.000	0.800	0.200
46673	1.000	0.800	0.300
46674	1.000	0.800	0.400
46675	1.000	0.800	0.500
46676	1.000	0.800	0.600
46677	1.000	0.800	0.700
46678	1.000	0.800	0.800
46679	1.000	0.800	0.900
46680	1.000	0.850	0.000
46681	1.000	0.850	0.100
46682	1.000	0.850	0.200
46683	1.000	0.850	0.300
46684	1.000	0.850	0.400
46685	1.000	0.850	0.500
46686	1.000	0.850	0.600
46687	1.000	0.850	0.700
46688	1.000	0.850	0.800
46689	1.000	0.850	0.900
46690	1.000	0.900	0.000
46691	1.000	0.900	0.100
46692	1.000	0.900	0.200
46693	1.000	0.900	0.300
46694	1.000	0.900	0.400
46695	1.000	0.900	0.500
46696	1.000	0.900	0.600
46697	1.000	0.900	0.700
46698	1.000	0.900	0.800
46699	1.000	0.900	0.900
46700	1.000	0.950	0.000
46701	1.000	0.950	0.100
46702	1.000	0.950	0.200
46703	1.000	0.950	0.300
46704	1.000	0.950	0.400
46705	1.000	0.950	0.500
46706	1.000	0.950	0.600
46707	1.000	0.950	0.700
46708	1.000	0.950	0.800
46709	1.000	0.950	0.900
46710	1.000	1.000	0.000
46711	1.000	1.000	0.100
46712	1.000	1.000	0.200
46713	1.000	1.000	0.300
46714	1.000	1.000	0.400
46715	1.000	1.000	0.500
46716	1.000	1.000	0.600
46717	1.000	1.000	0.700
46718	1.000	1.000	0.800
46719	1.000	1.000	0.900
46720	1.000	1.050	0.000
46721	1.000	1.050	0.100
46722	1.000	1.050	0.200
46723	1.000	1.050	0.300
46724	1.000	1.050	0.400
46725	1.000	1.050	0.500
46726	1.000	1.050	0.600
46727	1.000	1.050	0.700
46728	1.000	1.050	0.800
46729	1.000	1.050	0.900
46730	1.000	1.100	0.000
46731	1.000	1.100	0.100
46732	1.000	1.100	0.200
46733	1.000	1.100	0.300
46734	1.000	1.100	0.400
46735	1.000	1.100	0.500
46736	1.000	1.100	0.600
46737	1.000	1.100	0.700
46738	1.000	1.100	0.800
46739	1.000	1.100	0.900
46770	1.050	0.850	0.000
46771	1.050	0.850	0.100
46772	1.050	0.850	0.200
46773	1.050	0.850	0.300
46774	1.050	0.850	0.400
46775	1.050	0.850	0.500
46776	1.050	0.850	0.600
46777	1.050	0.850	0.700
46778	1.050	0.850	0.800
46779	1.050	0.850	0.900
46780	1.050	0.950	0.000
46781	1.050	0.950	0.100
46782	1.050	0.950	0.200
46783	1.050	0.950	0.300
46784	1.050	0.950	0.400
46785	1.050	0.950	0.500
46786	1.050	0.950	0.600
46787	1.050	0.950	0.700
46788	1.050	0.950	0.800
46789	1.050	0.950	0.900
46790	1.050	1.050	0.000
46791	1.050	1.050	0.100
46792	1.050	1.050	0.200
46793	1.050	1.050	0.300
46794	1.050	1.050	0.400
46795	1.050	1.050	0.500
46796	1.050	1.050	0.600
46797	1.050	1.050	0.700
46798	1.050	1.050	0.800
46799	1.050	1.050	0.900
46860	1.100	0.850	0.000
46861	1.100	0.850	0.100
46862	1.100	0.850	0.200
46863	1.100	0.850	0.300
46864	1.100	0.850	0.400
46865	1.100	0.850	0.500
46866	1.100	0.850	0.600
46867	1.100	0.850	0.700
46868	1.100	0.850	0.800
46869	1.100	0.850	0.900
46870	1.100	0.900	0.000
46871	1.100	0.900	0.100
46872	1.100	0.900	0.200
46873	1.100	0.900	0.300
46874	1.100	0.900	0.400
46875	1.100	0.900	0.500
46876	1.100	0.900	0.600
46877	1.100	0.900	0.700
46878	1.100	0.900	0.800
46879	1.100	0.900	0.900
46880	1.100	0.950	0.000
46881	1.100	0.950	0.100
46882	1.100	0.950	0.200
46883	1.100	0.950	0.300
46884	1.100	0.950	0.400
46885	1.100	0.950	0.500
46886	1.100	0.950	0.600
46887	1.100	0.950	0.700
46888	1.100	0.950	0.800
46889	1.100	0.950	0.900
46890	1.100	1.000	0.000
46891	1.100	1.000	0.100
46892	1.100	1.000	0.200
46893	1.100	1.000	0.300
46894	1.100	1.000	0.400
46895	1.100	1.000	0.500
46896	1.100	1.000	0.600
46897	1.100	1.000	0.700
46898	1.100	1.000	0.800
46899	1.100	1.000	0.900
46900	1.100	1.050	0.000
46901	1.100	1.050	0.100
46902	1.100	1.050	0.200
46903	1.100	1.050	0.300
46904	1.100	1.050	0.400
46905	1.100	1.050	0.500
46906	1.100	1.050	0.600
46907	1.100	1.050	0.700
46908	1.100	1.050	0.800
46909	1.100	1.050	0.900
46910	1.100	1.100	0.000
46911	1.100	1.100	0.100
46912	1.100	1.100	0.200
46913	1.100	1.100	0.300
46914	1.100	1.100	0.400
46915	1.100	1.100	0.500
46916	1.100	1.100	0.600
46917	1.100	1.100	0.700
46918	1.100	1.100	0.800
46919	1.100	1.100	0.900
46950	1.150	0.850	0.000
46951	1.150	0.850	0.100
46952	1.150	0.850	0.200
46953	1.150	0.850	0.300
46954	1.150	0.850	0.400
46955	1.150	0.850	0.500
46956	1.150	0.850	0.600
46957	1.150	0.850	0.700
46958	1.150	0.850	0.800
46959	1.150	0.850	0.900
46960	1.150	0.950	0.000
46961	1.150	0.950	0.100
46962	1.150	0.950	0.200
46963	1.150	0.950	0.300
46964	1.150	0.950	0.400
46965	1.150	0.950	0.500
46966	1.150	0.950	0.600
46967	1.150	0.950	0.700
46968	1.150	0.950	0.800
46969	1.150	0.950	0.900
46970	1.150	1.050	0.000
46971	1.150	1.050	0.100
46972	1.150	1.050	0.200
46973	1.150	1.050	0.300
46974	1.150	1.050	0.400
46975	1.150	1.050	0.500
46976	1.150	1.050	0.600
46977	1.150	1.050	0.700
46978	1.150	1.050	0.800
46979	1.150	1.050	0.900
47050	1.200	0.900	0.000
47051	1.200	0.900	0.100
47052	1.200	0.900	0.200
47053	1.200	0.900	0.300
47054	1.200	0.900	0.400
47055	1.200	0.900	0.500
47056	1.200	0.900	0.600
47057	1.200	0.900	0.700
47058	1.200	0.900	0.800
47059	1.200	0.900	0.900
47060	1.200	0.950	0.000
47061	1.200	0.950	0.100
47062	1.200	0.950	0.200
47063	1.200	0.950	0.300
47064	1.200	0.950	0.400
47065	1.200	0.950	0.500
47066	1.200	0.950	0.600
47067	1.200	0.950	0.700
47068	1.200	0.950	0.800
47069	1.200	0.950	0.900
47070	1.200	1.000	0.000
47071	1.200	1.000	0.100
47072	1.200	1.000	0.200
47073	1.200	1.000	0.300
47074	1.200	1.000	0.400
47075	1.200	1.000	0.500
47076	1.200	1.000	0.600
47077	1.200	1.000	0.700
47078	1.200	1.000	0.800
47079	1.200	1.000	0.900
47080	1.200	1.050	0.000
47081	1.200	1.050	0.100
47082	1.200	1.050	0.200
47083	1.200	1.050	0.300
47084	1.200	1.050	0.400
47085	1.200	1.050	0.500
47086	1.200	1.050	0.600
47087	1.200	1.050	0.700
47088	1.200	1.050	0.800
47089	1.200	1.050	0.900
47090	1.200	1.100	0.000
47091	1.200	1.100	0.100
47092	1.200	1.100	0.200
47093	1.200	1.100	0.300
47094	1.200	1.100	0.400
47095	1.200	1.100	0.500
47096	1.200	1.100	0.600
47097	1.200	1.100	0.700
47098	1.200	1.100	0.800
47099	1.200	1.100	0.900
47150	1.250	1.050	0.000
47151	1.250	1.050	0.100
47152	1.250	1.050	0.200
47153	1.250	1.050	0.300
47154	1.250	1.050	0.400
47155	1.250	1.050	0.500
47156	1.250	1.050	0.600
47157	1.250	1.050	0.700
47158	1.250	1.050	0.800
47159	1.250	1.050	0.900
47260	1.300	1.050	0.000
47261	1.300	1.050	0.100
47262	1.300	1.050	0.200
47263	1.300	1.050	0.300
47264	1.300	1.050	0.400
47265	1.300	1.050	0.500
47266	1.300	1.050	0.600
47267	1.300	1.050	0.700
47268	1.300	1.050	0.800
47269	1.300	1.050	0.900
47270	1.300	1.100	0.000
47271	1.300	1.100	0.100
47272	1.300	1.100	0.200
47273	1.300	1.100	0.300
47274	1.300	1.100	0.400
47275	1.300	1.100	0.500
47276	1.300	1.100	0.600
47277	1.300	1.100	0.700
47278	1.300	1.100	0.800
47279	1.300	1.100	0.900
47450	1.400	1.100	0.000
47451	1.400	1.100	0.100
47452	1.400	1.100	0.200
47453	1.400	1.100	0.300
47454	1.400	1.100	0.400
47455	1.400	1.100	0.500
47456	1.400	1.100	0.600
47457	1.400	1.100	0.700
47458	1.400	1.100	0.800
47459	1.400	1.100	0.900
48770	0.700	0.400	0.000
48771	0.700	0.400	0.100
48772	0.700	0.400	0.200
48773	0.700	0.400	0.300
48774	0.700	0.400	0.400
48775	0.700	0.400	0.500
48776	0.700	0.400	0.600
48777	0.700	0.400	0.700
48778	0.700	0.400	0.800
48779	0.700	0.400	0.900
48780	0.700	0.450	0.000
48781	0.700	0.450	0.100
48782	0.700	0.450	0.200
48783	0.700	0.450	0.300
48784	0.700	0.450	0.400
48785	0.700	0.450	0.500
48786	0.700	0.450	0.600
48787	0.700	0.450	0.700
48788	0.700	0.450	0.800
48789	0.700	0.450	0.900
48790	0.700	0.500	0.000
48791	0.700	0.500	0.100
48792	0.700	0.500	0.200
48793	0.700	0.500	0.300
48794	0.700	0.500	0.400
48795	0.700	0.500	0.500
48796	0.700	0.500	0.600
48797	0.700	0.500	0.700
48798	0.700	0.500	0.800
48799	0.700	0.500	0.900
49510	0.050	0.050	0.990
49511	0.050	0.150	0.990
49512	0.050	0.250	0.990
49526	0.100	0.000	0.990
49527	0.100	0.050	0.990
49528	0.100	0.100	0.990
49529	0.100	0.150	0.990
49530	0.100	0.200	0.990
49531	0.100	0.250	0.990
49532	0.100	0.300	0.990
49533	0.100	0.350	0.990
49560	0.150	0.050	0.990
49561	0.150	0.150	0.990
49562	0.150	0.250	0.990
49563	0.150	0.350	0.990
49576	0.200	0.000	0.990
49577	0.200	0.050	0.990
49578	0.200	0.100	0.990
49579	0.200	0.150	0.990
49580	0.200	0.200	0.990
49581	0.200	0.250	0.990
49582	0.200	0.300	0.990
49583	0.200	0.350	0.990
49584	0.200	0.400	0.990
49585	0.200	0.450	0.990
49610	0.250	0.050	0.990
49611	0.250	0.150	0.990
49612	0.250	0.250	0.990
49613	0.250	0.350	0.990
49614	0.250	0.450	0.990
49627	0.300	0.050	0.990
49628	0.300	0.100	0.990
49629	0.300	0.150	0.990
49630	0.300	0.200	0.990
49631	0.300	0.250	0.990
49632	0.300	0.300	0.990
49633	0.300	0.350	0.990
49634	0.300	0.400	0.990
49635	0.300	0.450	0.990
49636	0.300	0.500	0.990
49637	0.300	0.550	0.990
49660	0.350	0.050	0.990
49661	0.350	0.150	0.990
49662	0.350	0.250	0.990
49663	0.350	0.350	0.990
49664	0.350	0.450	0.990
49665	0.350	0.550	0.990
49679	0.400	0.150	0.990
49680	0.400	0.200	0.990
49681	0.400	0.250	0.990
49682	0.400	0.300	0.990
49683	0.400	0.350	0.990
49684	0.400	0.400	0.990
49685	0.400	0.450	0.990
49686	0.400	0.500	0.990
49687	0.400	0.550	0.990
49688	0.400	0.650	0.990
49712	0.450	0.250	0.990
49713	0.450	0.350	0.990
49714	0.450	0.450	0.990
49715	0.450	0.650	0.990
49731	0.500	0.250	0.990
49732	0.500	0.300	0.990
49733	0.500	0.350	0.990
49734	0.500	0.400	0.990
49735	0.500	0.450	0.990
49736	0.500	0.550	0.990
49737	0.500	0.600	0.990
49738	0.500	0.650	0.990
49739	0.500	0.700	0.990
49740	0.500	0.750	0.990
49763	0.550	0.350	0.990
49764	0.550	0.550	0.990
49765	0.550	0.650	0.990
49766	0.550	0.750	0.990
49767	0.550	0.850	0.990
49783	0.600	0.350	0.990
49784	0.600	0.450	0.990
49785	0.600	0.500	0.990
49786	0.600	0.550	0.990
49787	0.600	0.600	0.990
49788	0.600	0.650	0.990
49789	0.600	0.700	0.990
49790	0.600	0.750	0.990
49791	0.600	0.800	0.990
49792	0.600	0.850	0.990
49813	0.650	0.450	0.990
49814	0.650	0.550	0.990
49815	0.650	0.650	0.990
49816	0.650	0.750	0.990
49817	0.650	0.850	0.990
49833	0.700	0.400	0.990
49834	0.700	0.450	0.990
49835	0.700	0.500	0.990
49836	0.700	0.550	0.990
49837	0.700	0.600	0.990
49838	0.700	0.650	0.990
49839	0.700	0.700	0.990
49840	0.700	0.750	0.990
49841	0.700	0.800	0.990
49842	0.700	0.850	0.990
49843	0.700	0.900	0.990
49844	0.700	0.950	0.990
49864	0.750	0.550	0.990
49865	0.750	0.650	0.990
49866	0.750	0.750	0.990
49867	0.750	0.850	0.990
49868	0.750	0.950	0.990
49886	0.800	0.550	0.990
49887	0.800	0.600	0.990
49888	0.800	0.650	0.990
49889	0.800	0.700	0.990
49890	0.800	0.750	0.990
49891	0.800	0.800	0.990
49892	0.800	0.850	0.990
49893	0.800	0.900	0.990
49894	0.800	0.950	0.990
49895	0.800	1.000	0.990
49896	0.800	1.050	0.990
49915	0.850	0.650	0.990
49916	0.850	0.750	0.990
49917	0.850	0.850	0.990
49918	0.850	0.950	0.990
49919	0.850	1.050	0.990
49938	0.900	0.650	0.990
49939	0.900	0.700	0.990
49940	0.900	0.750	0.990
49941	0.900	0.800	0.990
49942	0.900	0.850	0.990
49943	0.900	0.900	0.990
49944	0.900	0.950	0.990
49945	0.900	1.000	0.990
49946	0.900	1.050	0.990
49947	0.900	1.100	0.990
49948	0.900	1.150	0.990
49965	0.950	0.650	0.990
49966	0.950	0.750	0.990
49967	0.950	0.850	0.990
49968	0.950	0.950	0.990
49969	0.950	1.050	0.990
49970	0.950	1.150	0.990
49990	1.000	0.750	0.990
49991	1.000	0.800	0.990
49992	1.000	0.850	0.990
49993	1.000	0.900	0.990
49994	1.000	0.950	0.990
49995	1.000	1.000	0.990
49996	1.000	1.050	0.990
49997	1.000	1.100	0.990
49998	1.000	1.150	0.990
49999	1.000	1.200	0.990
50000	1.000	1.250	0.990
50017	1.050	0.850	0.990
50018	1.050	0.950	0.990
50019	1.050	1.050	0.990
50020	1.050	1.150	0.990
50021	1.050	1.250	0.990
50042	1.100	0.850	0.990
50043	1.100	0.900	0.990
50044	1.100	0.950	0.990
50045	1.100	1.000	0.990
50046	1.100	1.050	0.990
50047	1.100	1.100	0.990
50048	1.100	1.150	0.990
50049	1.100	1.200	0.990
50050	1.100	1.250	0.990
50051	1.100	1.300	0.990
50052	1.100	1.350	0.990
50053	1.100	1.400	0.990
50067	1.150	0.850	0.990
50068	1.150	0.950	0.990
50069	1.150	1.050	0.990
50070	1.150	1.150	0.990
50071	1.150	1.250	0.990
50072	1.150	1.350	0.990
50093	1.200	0.900	0.990
50094	1.200	0.950	0.990
50095	1.200	1.000	0.990
50096	1.200	1.050	0.990
50097	1.200	1.100	0.990
50098	1.200	1.150	0.990
50099	1.200	1.200	0.990
50100	1.200	1.250	0.990
50101	1.200	1.300	0.990
50102	1.200	1.350	0.990
50103	1.200	1.400	0.990
50104	1.200	1.450	0.990
50119	1.250	1.050	0.990
50120	1.250	1.150	0.990
50121	1.250	1.250	0.990
50122	1.250	1.350	0.990
50123	1.250	1.450	0.990
50146	1.300	1.050	0.990
50147	1.300	1.100	0.990
50148	1.300	1.150	0.990
50149	1.300	1.200	0.990
50150	1.300	1.250	0.990
50151	1.300	1.300	0.990
50152	1.300	1.350	0.990
50153	1.300	1.400	0.990
50154	1.300	1.450	0.990
50155	1.300	1.500	0.990
50156	1.300	1.550	0.990
50170	1.350	1.150	0.990
50171	1.350	1.250	0.990
50172	1.350	1.350	0.990
50173	1.350	1.450	0.990
50174	1.350	1.550	0.990
50175	1.350	1.650	0.990
50197	1.400	1.100	0.990
50198	1.400	1.150	0.990
50199	1.400	1.200	0.990
50200	1.400	1.250	0.990
50201	1.400	1.300	0.990
50202	1.400	1.350	0.990
50203	1.400	1.400	0.990
50204	1.400	1.450	0.990
50205	1.400	1.500	0.990
50206	1.400	1.550	0.990
50207	1.400	1.600	0.990
50208	1.400	1.650	0.990
50221	1.450	1.250	0.990
50222	1.450	1.350	0.990
50223	1.450	1.450	0.990
50224	1.450	1.550	0.990
50225	1.450	1.650	0.990
50250	1.500	1.250	0.990
50251	1.500	1.300	0.990
50252	1.500	1.350	0.990
50253	1.500	1.400	0.990
50254	1.500	1.450	0.990
50255	1.500	1.500	0.990
50256	1.500	1.550	0.990
50257	1.500	1.600	0.990
50258	1.500	1.650	0.990
50259	1.500	1.700	0.990
50272	1.550	1.350	0.990
50273	1.550	1.450	0.990
50274	1.550	1.550	0.990
50275	1.550	1.650	0.990
50302	1.600	1.350	0.990
50303	1.600	1.400	0.990
50304	1.600	1.450	0.990
50305	1.600	1.500	0.990
50306	1.600	1.550	0.990
50307	1.600	1.600	0.990
50308	1.600	1.650	0.990
50309	1.600	1.700	0.990
50322	1.650	1.350	0.990
50323	1.650	1.450	0.990
50324	1.650	1.550	0.990
50325	1.650	1.650	0.990